3714	
0.288	0
0.864	0
1.872	0
3.456	0
6.192	0
10.656	0
18.432	0
31.392	0
53.568	0
90.72	0
153.648	0
260.064	0
362.304	0
414.144	0
430.848	0
442.512	0
448.272	0
452.304	0
455.04	0
457.488	0
459.792	0
462.096	0
463.68	0
465.264	0
466.848	0
468.576	0
469.872	0
471.024	0
472.176	0
473.184	0
474.048	0
475.056	0
476.352	0
477.792	0
479.088	0
480.672	0
482.4	0
484.128	0
485.856	0
487.296	0
488.592	0
489.744	0
490.608	0
491.472	0
492.336	0
493.2	0
493.92	0
494.784	0
495.648	0
496.368	0
497.088	0
497.664	0
498.384	0
499.104	0
500.112	0
500.976	0
501.84	0
502.704	0
502.992	0
503.28	0
503.856	0
504.288	0
505.008	0
505.872	0
506.592	0
507.312	0
507.888	0
508.608	0
509.328	0
510.192	0
511.344	0
512.64	0
513.792	0
515.088	0
516.24	0
517.536	0
518.688	0
519.984	0
521.136	0
522.432	0
523.584	0
524.88	0
526.032	0
527.328	0
528.912	0
530.208	0
531.216	0
531.936	0
532.656	0
533.376	0
533.952	0
534.672	0
535.392	0
536.112	0
536.832	0
537.696	0
538.56	0
539.28	0
539.712	0
540.144	0
540.864	0
541.44	0
542.016	0
542.592	0
543.168	0
544.032	0
545.04	0
546.048	0
547.056	0
547.92	0
548.496	0
549.216	0
550.08	0
550.944	0
552.096	0
553.248	0
554.4	0
555.696	0
556.848	0
558	0
559.296	0
560.304	0
561.456	0
562.464	0
563.616	0
564.624	0
565.632	0
566.784	0
567.792	0
568.944	0
569.952	0
570.672	0
571.536	0
572.256	0
572.976	0
573.696	0
574.704	0
575.424	0
576.288	0
577.152	0
578.016	0
578.88	0
579.6	0
580.32	0
581.04	0
581.76	0
582.912	0
583.92	0
584.784	0
585.36	0
585.936	0
586.512	0
587.232	0
587.952	0
588.528	0
589.248	0
589.824	0
590.688	0
591.552	0
592.704	0
593.712	0
594.864	0
596.016	0
597.168	0
598.32	0
599.472	0
600.48	0
601.488	0
602.496	0
603.504	0
604.512	0
605.664	0
606.672	0
607.68	0
608.688	0
609.552	0
610.272	0
611.136	0
612	0
613.008	0
613.872	0
614.88	0
615.744	0
616.752	0
617.616	0
618.624	0
619.488	0
620.496	0
621.36	0
622.368	0
623.52	0
624.672	0
625.968	0
626.976	0
627.84	0
628.704	0
629.568	0
630.576	0
631.728	0
633.168	0
634.608	0
636.192	0
639.072	0
643.824	0
651.744	0
665.136	0
687.888	0
713.664	0
752.112	0
817.2	0
912.672	0
953.856	0
969.552	0
985.104	0
1000.656	0
1016.352	0
1027.152	0
1038.096	0
1049.04	0
1056.672	0
1064.304	0
1070.784	0
1076.256	0
1081.584	0
1087.632	0
1096.704	0
1106.784	0
1117.44	0
1128.096	0
1138.896	0
1146.384	0
1153.872	0
1161.36	0
1168.848	0
1178.496	0
1188.288	0
1197.936	0
1204.848	0
1211.616	0
1218.384	0
1227.312	0
1236.096	0
1246.32	0
1259.568	0
1279.008	0
1295.568	0
1313.28	0
1330.992	0
1343.376	0
1352.16	0
1360.8	0
1369.44	0
1382.4	0
1397.088	0
1411.776	0
1426.464	0
1441.152	0
1455.84	0
1472.688	0
1491.696	0
1507.968	0
1521.216	0
1536.624	0
1554.048	0
1566.144	0
1574.64	0
1585.728	0
1595.088	0
1602.864	0
1608.192	0
1613.664	0
1620.72	0
1627.776	0
1634.832	0
1641.744	0
1648.8	0
1655.856	0
1662.912	0
1667.808	0
1672.848	0
1677.024	0
1680.48	0
1683.936	0
1687.392	0
1690.848	0
1694.16	0
1697.616	0
1701.072	0
1704.96	0
1708.128	0
1711.152	0
1715.328	0
1719.936	0
1725.264	0
1729.872	0
1733.472	0
1737.216	0
1740.96	0.000546875
1744.704	0.000554688
1748.448	0.000570313
1752.048	0.001265625
1755.792	0.001528646
1759.536	0.003125
1763.28	0.006276042
1767.024	0.013645833
1770.624	0.024348958
1774.368	0.026302083
1778.112	0.027864583
1781.856	0.030989583
1785.456	0.032291667
1789.2	0.032552083
1792.944	0.032552083
1796.112	0.032552083
1798.704	0.032552083
1802.592	0.032552083
1807.056	0.032552083
1811.376	0.032552083
1815.84	0.032552083
1819.44	0.032552083
1822.608	0.032552083
1825.632	0.032552083
1829.664	0.032552083
1833.696	0.032552083
1839.6	0.032552083
1846.368	0.032552083
1850.4	0.032552083
1853.28	0.032552083
1855.584	0.0328125
1857.888	0.033333333
1860.192	0.033333333
1862.784	0.033333333
1865.808	0.033333333
1869.264	0.033333333
1873.296	0.03359375
1878.336	0.03359375
1883.376	0.03359375
1888.56	0.03359375
1892.016	0.03359375
1895.616	0.03359375
1899.216	0.03359375
1902.816	0.03359375
1906.272	0.03359375
1909.44	0.03359375
1911.888	0.03359375
1914.336	0.03359375
1916.928	0.03359375
1919.376	0.03359375
1921.824	0.03359375
1924.272	0.03359375
1926.864	0.03359375
1929.312	0.03359375
1931.76	0.03359375
1934.352	0.033854167
1936.8	0.034114583
1939.248	0.034114583
1941.84	0.034375
1944.288	0.034375
1946.736	0.034635417
1949.328	0.034895833
1951.776	0.034895833
1954.656	0.034895833
1957.968	0.034895833
1961.568	0.034895833
1965.888	0.03515625
1970.064	0.03515625
1974.24	0.03515625
1977.84	0.03515625
1981.296	0.03515625
1984.464	0.03515625
1987.2	0.03515625
1989.936	0.03515625
1992.528	0.03515625
1995.264	0.03515625
1998	0.03515625
2000.592	0.03515625
2003.328	0.03515625
2006.352	0.03515625
2009.952	0.03515625
2013.408	0.035416667
2016.864	0.035416667
2020.32	0.035416667
2023.344	0.035416667
2025.072	0.035416667
2026.8	0.035416667
2028.96	0.035416667
2030.832	0.035416667
2032.416	0.035416667
2034	0.035416667
2035.584	0.035416667
2037.168	0.035416667
2038.608	0.035416667
2040.192	0.035416667
2042.208	0.035416667
2044.944	0.035416667
2047.536	0.035416667
2050.128	0.035416667
2052.72	0.035416667
2055.456	0.035416667
2058.768	0.035416667
2062.8	0.035416667
2067.696	0.035416667
2072.304	0.035416667
2078.352	0.035677083
2086.272	0.035677083
2097.792	0.035677083
2111.04	0.035677083
2126.16	0.035677083
2141.136	0.035677083
2153.952	0.0359375
2160.144	0.0359375
2165.328	0.0359375
2169.648	0.036197917
2171.808	0.036458333
2173.104	0.036458333
2174.976	0.036458333
2177.712	0.036458333
2180.736	0.036458333
2185.344	0.036458333
2189.232	0.03671875
2192.544	0.03671875
2195.712	0.036979167
2199.888	0.036979167
2206.224	0.036979167
2213.28	0.036979167
2220.336	0.036979167
2227.392	0.037239583
2236.608	0.0375
2244.384	0.0390625
2250.72	0.039322917
2257.2	0.039583333
2263.68	0.039583333
2270.016	0.03984375
2276.496	0.03984375
2282.976	0.040104167
2291.328	0.040364583
2299.68	0.040625
2306.736	0.04140625
2312.64	0.041666667
2318.4	0.042708333
2324.304	0.043489583
2330.208	0.045833333
2335.968	0.052083333
2341.872	0.052083333
2347.632	0.052083333
2356.416	0.052083333
2366.352	0.052083333
2376.288	0.05234375
2389.104	0.05234375
2401.92	0.05234375
2412.864	0.05234375
2421.792	0.05234375
2430.864	0.052604167
2439.792	0.052604167
2448.864	0.052604167
2460.528	0.052604167
2472.192	0.052604167
2484	0.052864583
2495.664	0.052864583
2513.088	0.052864583
2532.96	0.052864583
2546.784	0.053125
2560.608	0.053125
2576.448	0.053385417
2594.448	0.053385417
2612.448	0.053385417
2630.448	0.053645833
2648.448	0.053645833
2666.448	0.053645833
2678.976	0.05390625
2687.904	0.05390625
2696.688	0.05390625
2709.792	0.05390625
2722.464	0.054166667
2732.976	0.054166667
2743.344	0.054166667
2752.272	0.054166667
2760.624	0.054166667
2771.568	0.054166667
2783.952	0.054427083
2796.192	0.054427083
2806.704	0.0546875
2815.344	0.0546875
2822.688	0.0546875
2826.864	0.0546875
2831.184	0.0546875
2835.36	0.0546875
2840.256	0.0546875
2845.728	0.0546875
2849.616	0.0546875
2853.504	0.054947917
2856.096	0.054947917
2859.696	0.054947917
2864.88	0.054947917
2872.512	0.054947917
2880	0.054947917
2887.632	0.054947917
2895.408	0.054947917
2903.04	0.054947917
2910.816	0.055208333
2918.448	0.055208333
2926.224	0.055208333
2936.16	0.055208333
2943.216	0.055208333
2949.12	0.055208333
2954.736	0.055208333
2963.088	0.055208333
2972.592	0.05546875
2986.56	0.05546875
2996.496	0.05546875
3006.288	0.05546875
3016.08	0.05546875
3025.872	0.055729167
3035.664	0.055729167
3045.456	0.055729167
3055.248	0.055729167
3063.6	0.055729167
3070.512	0.055989583
3077.28	0.055989583
3085.2	0.055989583
3094.128	0.05625
3103.056	0.056510417
3111.984	0.056510417
3119.616	0.056510417
3125.808	0.056510417
3133.872	0.056510417
3146.112	0.056510417
3159.792	0.056510417
3173.472	0.056770833
3183.12	0.056770833
3192.768	0.056770833
3207.024	0.056770833
3223.296	0.05703125
3239.568	0.05703125
3252.672	0.05703125
3269.52	0.05703125
3288.816	0.057291667
3305.088	0.057291667
3320.64	0.057291667
3338.064	0.057552083
3355.488	0.057552083
3373.056	0.0578125
3390.48	0.058072917
3407.904	0.058333333
3425.472	0.058333333
3437.712	0.058333333
3453.552	0.05859375
3469.392	0.05859375
3482.928	0.058854167
3494.16	0.059114583
3508.56	0.059635417
3523.104	0.059635417
3537.504	0.059635417
3552.048	0.059635417
3562.128	0.059635417
3575.232	0.059895833
3588.48	0.059895833
3601.584	0.059895833
3614.832	0.059895833
3624.048	0.059895833
3633.264	0.059895833
3642.48	0.059895833
3654.432	0.059895833
3669.984	0.06015625
3685.536	0.06015625
3696.48	0.06015625
3710.592	0.06015625
3724.848	0.06015625
3738.96	0.06015625
3753.216	0.060416667
3765.312	0.060416667
3776.688	0.060416667
3789.504	0.060416667
3800.448	0.060416667
3809.52	0.060416667
3818.592	0.060416667
3830.256	0.060677083
3842.064	0.0609375
3853.728	0.0609375
3865.536	0.0609375
3877.344	0.0609375
3892.464	0.0609375
3907.728	0.0609375
3922.992	0.0609375
3938.256	0.061197917
3955.824	0.061197917
3975.696	0.061197917
3995.568	0.061197917
4015.44	0.061197917
4032.288	0.061458333
4046.112	0.061458333
4062.096	0.061458333
4080.096	0.061458333
4098.24	0.06171875
4116.24	0.06171875
4134.384	0.06171875
4152.384	0.06171875
4167.792	0.061979167
4175.28	0.061979167
4181.472	0.061979167
4188.528	0.061979167
4200.624	0.062239583
4214.16	0.062239583
4231.872	0.062239583
4252.176	0.062239583
4275.216	0.0625
4298.256	0.0625
4321.152	0.0625
4344.192	0.062760417
4363.776	0.062760417
4373.28	0.063020833
4378.896	0.063020833
4387.104	0.063020833
4401.072	0.06328125
4416.768	0.06328125
4432.608	0.06328125
4448.304	0.06328125
4464.144	0.063541667
4475.088	0.063541667
4484.016	0.063541667
4494.096	0.063541667
4504.032	0.063541667
4514.112	0.063541667
4524.192	0.063802083
4534.272	0.063802083
4544.208	0.063802083
4552.848	0.063802083
4560.912	0.063802083
4571.424	0.0640625
4581.504	0.0640625
4589.856	0.064322917
4595.616	0.064583333
4602.384	0.064583333
4609.872	0.064583333
4619.808	0.064583333
4629.6	0.06484375
4637.952	0.06484375
4644.864	0.06484375
4651.776	0.06484375
4660.704	0.06484375
4669.632	0.06484375
4681.296	0.06484375
4694.688	0.065104167
4709.808	0.065104167
4722.624	0.065104167
4734.864	0.065104167
4752.72	0.065364583
4770.576	0.065364583
4785.84	0.065364583
4798.368	0.065625
4810.896	0.065625
4823.424	0.065625
4835.952	0.065885417
4850.352	0.065885417
4866.624	0.065885417
4882.896	0.066145833
4899.312	0.06640625
4913.136	0.06640625
4924.512	0.066666667
4935.888	0.066666667
4947.264	0.0671875
4958.64	0.067447917
4970.16	0.06796875
4981.536	0.068229167
4992.912	0.068229167
5004.288	0.068229167
5015.664	0.068229167
5030.496	0.068489583
5049.792	0.068489583
5074.848	0.06875
5092.416	0.06875
5107.248	0.06875
5121.36	0.069010417
5139.792	0.069010417
5160.528	0.069270833
5181.264	0.069270833
5202	0.06953125
5222.736	0.06953125
5243.472	0.069791667
5264.208	0.069791667
5284.944	0.070052083
5305.68	0.070052083
5323.392	0.0703125
5340.096	0.0703125
5361.84	0.070572917
5393.664	0.07109375
5425.632	0.071354167
5447.952	0.071354167
5470.272	0.071614583
5495.904	0.071875
5524.992	0.072135417
5553.936	0.072395833
5583.024	0.07265625
5615.568	0.072916667
5651.712	0.0734375
5674.752	0.073958333
5690.592	0.07421875
5703.408	0.074479167
5719.536	0.074739583
5735.808	0.075260417
5751.936	0.075520833
5770.944	0.07578125
5792.832	0.076041667
5814.72	0.076302083
5829.984	0.0765625
5839.056	0.076822917
5846.688	0.077083333
5854.176	0.077083333
5862.816	0.07734375
5875.488	0.07734375
5891.904	0.077604167
5908.464	0.077864583
5929.776	0.078385417
5951.232	0.07890625
5972.688	0.079427083
6004.8	0.080208333
6051.888	0.08359375
6091.92	0.08984375
6119.856	0.090104167
6142.896	0.090364583
6172.992	0.090364583
6202.944	0.090364583
6232.896	0.090625
6262.992	0.090625
6288.48	0.090885417
6309.36	0.091145833
6330.384	0.091145833
6357.744	0.091145833
6384.96	0.091145833
6412.32	0.091145833
6439.536	0.091145833
6458.688	0.09140625
6480.72	0.09140625
6509.232	0.09140625
6541.488	0.09140625
6583.536	0.09140625
6625.44	0.09140625
6667.488	0.091666667
6709.392	0.091666667
6757.776	0.091666667
6812.352	0.091666667
6858.72	0.091927083
6896.88	0.091927083
6940.8	0.091927083
6990.48	0.091927083
7054.992	0.091927083
7109.856	0.091927083
7141.536	0.091927083
7173.216	0.091927083
7220.448	0.0921875
7273.872	0.0921875
7343.424	0.0921875
7412.832	0.0921875
7461.504	0.0921875
7517.52	0.0921875
7599.744	0.0921875
7681.968	0.0921875
7764.192	0.0921875
7846.416	0.0921875
7969.248	0.0921875
8122.608	0.091927083
8381.232	0.091666667
8553.744	0.091666667
8746.848	0.091145833
9024.624	0.090625
9219.024	0.090364583
9509.76	0.089583333
10030.896	0.08828125
10477.728	0.087239583
11172.528	0.08515625
11931.408	0.083072917
12754.224	0.076302083
13782.816	0.07265625
15120	0.06953125
17280	0.065364583
19199.952	0.062239583
21600	0.059114583
24480	0.05625
27360	0.05390625
30240	0.052083333
33120	0.050260417
36000	0.048697917
38880	0.047135417
41760	0.045833333
44640	0.04453125
47520	0.043489583
50400	0.042708333
53280	0.041666667
56160	0.040885417
59040	0.040104167
61920	0.039322917
64800	0.038541667
67680	0.037760417
70560	0.037239583
73440	0.03671875
76320	0.0359375
79200	0.035416667
82080	0.03515625
84960	0.034635417
87840	0.034114583
90720	0.03359375
93600	0.033072917
96480	0.0328125
99360	0.032291667
102240	0.03203125
105120	0.031510417
108000	0.03125
110880	0.030989583
113760	0.03046875
116640	0.030208333
119520	0.029947917
122400	0.0296875
125280	0.029427083
128160	0.02890625
131040	0.028645833
133920	0.028385417
136800	0.028125
139680	0.027864583
142560	0.027604167
144000.144	0.02734375
144000.576	0.02734375
144001.296	0.02734375
144002.592	0.02734375
144004.608	0.02734375
144008.064	0.02734375
144014.112	0.02734375
144024.48	0.02734375
144041.184	0.02734375
144060.48	0.02734375
144097.344	0.02734375
144149.76	0.02734375
144210.24	0.02734375
144299.52	0.02734375
144420.48	0.02734375
144540	0.02734375
144659.52	0.02734375
144780.48	0.02734375
144900	0.02734375
145019.52	0.02734375
145140.48	0.02734375
145260	0.02734375
145379.52	0.02734375
145500.48	0.02734375
145620	0.02734375
145739.52	0.02734375
145860.48	0.02734375
145980	0.02734375
146099.52	0.02734375
146220.48	0.02734375
146340	0.02734375
146459.52	0.02734375
146580.48	0.02734375
146700	0.02734375
146819.52	0.027083333
146940.48	0.027083333
147060	0.027083333
147179.52	0.027083333
147300.48	0.027083333
147420	0.027083333
147539.52	0.027083333
147660.48	0.027083333
147780	0.027083333
147899.52	0.027083333
148020.48	0.027083333
148140	0.027083333
148259.52	0.027083333
148380.48	0.027083333
148500	0.027083333
148619.52	0.027083333
148740.48	0.027083333
148860	0.027083333
148979.52	0.027083333
149100.48	0.027083333
149220	0.027083333
149339.52	0.027083333
149460.48	0.027083333
149580	0.027083333
149699.52	0.027083333
149820.48	0.027083333
149940	0.027083333
150059.52	0.027083333
150180.48	0.027083333
150300	0.026822917
150419.52	0.026822917
150540.48	0.026822917
150660	0.026822917
150779.52	0.026822917
150900.48	0.026822917
151020	0.026822917
151139.52	0.026822917
151260.48	0.026822917
151380	0.026822917
151499.52	0.026822917
151620.48	0.026822917
151740	0.026822917
151859.52	0.026822917
151980.48	0.026822917
152100	0.026822917
152219.52	0.026822917
152340.48	0.026822917
152460	0.026822917
152579.52	0.026822917
152700.48	0.026822917
152820	0.026822917
152939.52	0.026822917
153060.48	0.026822917
153180	0.026822917
153299.52	0.026822917
153420.48	0.026822917
153540	0.026822917
153659.52	0.026822917
153780.48	0.026822917
153900	0.026822917
154019.52	0.026822917
154140.48	0.026822917
154260	0.026822917
154379.52	0.026822917
154500.48	0.026822917
154620	0.026822917
154739.52	0.027083333
154860.48	0.027083333
154980	0.027083333
155099.52	0.027083333
155220.48	0.027083333
155340	0.027083333
155459.52	0.027083333
155550.24	0.027083333
155610	0.027083333
155669.76	0.027083333
155730.24	0.027083333
155790	0.027083333
155880	0.02734375
155999.52	0.02734375
156120.48	0.02734375
156240	0.02734375
156359.52	0.02734375
156480.48	0.02734375
156600	0.02734375
156690	0.027604167
156749.76	0.027604167
156810.24	0.027604167
156870	0.027604167
156960	0.027604167
157079.52	0.027604167
157200.48	0.027604167
157320	0.027864583
157439.52	0.027864583
157560.48	0.027864583
157680	0.027864583
157760.208	0.028125
157799.52	0.028125
157860	0.028125
157905.36	0.028125
157940.208	0.028125
157979.52	0.028125
158019.84	0.028125
158060.16	0.028125
158130	0.028125
158189.76	0.028385417
158250.24	0.028385417
158339.52	0.028385417
158460.48	0.028385417
158580	0.028645833
158660.208	0.028645833
158682.096	0.028645833
158693.76	0.028645833
158706.288	0.028645833
158719.68	0.028645833
158728.608	0.028645833
158737.536	0.028645833
158746.608	0.028645833
158755.536	0.028645833
158764.752	0.028645833
158774.112	0.028645833
158783.472	0.028645833
158790.096	0.028645833
158796.864	0.028645833
158803.632	0.028645833
158810.4	0.028645833
158816.016	0.028645833
158820.48	0.028645833
158825.088	0.028645833
158829.696	0.028645833
158834.304	0.028645833
158839.632	0.028645833
158843.952	0.028645833
158848.704	0.028645833
158854.32	0.028645833
158859.936	0.028645833
158864.544	0.028645833
158869.584	0.028645833
158875.776	0.028645833
158882.832	0.02890625
158889.312	0.02890625
158895.792	0.02890625
158903.136	0.02890625
158911.344	0.02890625
158919.552	0.02890625
158925.312	0.02890625
158931.216	0.02890625
158937.12	0.02890625
158942.88	0.02890625
158948.784	0.02890625
158954.688	0.02890625
158960.592	0.02890625
158967.216	0.02890625
158974.704	0.02890625
158982.048	0.02890625
158989.392	0.02890625
159000.48	0.02890625
159008.976	0.02890625
159015.888	0.02890625
159022.944	0.02890625
159028.992	0.02890625
159034.608	0.02890625
159039.936	0.02890625
159044.256	0.02890625
159049.008	0.02890625
159054.336	0.02890625
159059.52	0.02890625
159067.008	0.02890625
159075.648	0.02890625
159085.584	0.02890625
159092.496	0.029166667
159099.264	0.029166667
159106.176	0.029166667
159113.088	0.029166667
159120	0.029166667
159126.768	0.029166667
159133.68	0.029166667
159140.448	0.029166667
159147.36	0.029166667
159156.864	0.029166667
159166.224	0.029166667
159175.728	0.029166667
159184.944	0.029166667
159193.872	0.029166667
159202.944	0.029166667
159212.16	0.029166667
159221.232	0.029166667
159230.448	0.029166667
159239.52	0.029166667
159251.616	0.029166667
159263.712	0.029166667
159275.808	0.029166667
159287.904	0.029166667
159300	0.029166667
159308.064	0.029166667
159316.128	0.029166667
159324.192	0.029166667
159332.256	0.029166667
159340.32	0.029166667
159348.384	0.029166667
159356.448	0.029166667
159364.512	0.029427083
159372.576	0.029427083
159380.64	0.029427083
159391.728	0.029427083
159402.816	0.029427083
159413.904	0.029427083
159426.288	0.029427083
159439.68	0.029427083
159449.76	0.029427083
159459.84	0.029427083
159469.92	0.029427083
159480	0.029427083
159490.944	0.029427083
159503.328	0.029427083
159515.712	0.029427083
159528.096	0.029427083
159540.48	0.029427083
159557.328	0.029427083
159574.176	0.029427083
159591.024	0.029427083
159608.16	0.029427083
159625.44	0.0296875
159642.72	0.0296875
159660	0.0296875
159679.008	0.0296875
159699.744	0.0296875
159720.48	0.0296875
159737.328	0.0296875
159751.44	0.0296875
159765.408	0.0296875
159779.52	0.0296875
159794.64	0.0296875
159807.6	0.0296875
159818.4	0.0296875
159829.2	0.0296875
159840	0.0296875
159852.096	0.0296875
159868.224	0.029947917
159888.384	0.029947917
159912.288	0.029947917
159935.904	0.029947917
159959.52	0.029947917
159974.64	0.029947917
159989.76	0.029947917
160008.624	0.029947917
160030.08	0.029947917
160055.28	0.029947917
160080.48	0.029947917
160110	0.030208333
160139.52	0.030208333
160167.744	0.030208333
160200	0.030208333
160240.32	0.030208333
160280.208	0.030208333
160319.52	0.030208333
160359.84	0.03046875
160400.16	0.03046875
160440.48	0.03046875
160479.792	0.03046875
160499.52	0.03046875
160523.712	0.03046875
160547.904	0.030729167
160572.096	0.030729167
160596.288	0.030729167
160620.48	0.030729167
160657.344	0.030729167
160699.68	0.030729167
160740	0.030729167
160780.32	0.030989583
160830	0.030989583
160859.52	0.030989583
160920	0.030989583
160946.496	0.030989583
160980.48	0.03125
161004.096	0.03125
161027.712	0.03125
161049.6	0.03125
161069.76	0.03125
161089.92	0.03125
161110.08	0.03125
161135.28	0.03125
161160.48	0.031510417
161199.792	0.031510417
161239.68	0.031510417
161280	0.031510417
161320.32	0.031510417
161370	0.031770833
161419.68	0.031770833
161460	0.031770833
161500.32	0.031770833
161550	0.03203125
161609.76	0.03203125
161670.24	0.03203125
161730	0.032291667
161789.76	0.032552083
161850.24	0.032552083
161910	0.0328125
161969.76	0.0328125
162030.24	0.033072917
162090	0.033072917
162139.68	0.033072917
162180	0.033333333
162210.24	0.033333333
162240.48	0.033333333
162279.792	0.033333333
162329.76	0.03359375
162390.24	0.03359375
162450	0.033854167
162479.52	0.033854167
162519.84	0.033854167
162560.16	0.034114583
162600.48	0.034114583
162639.792	0.034114583
162679.68	0.034114583
162720	0.034375
162760.32	0.034375
162800.208	0.034375
162839.52	0.034635417
162879.84	0.034635417
162930.24	0.034635417
162990	0.034895833
163049.76	0.034895833
163100.16	0.03515625
163140.48	0.03515625
163199.52	0.03515625
163260	0.035416667
163320.48	0.035416667
163379.52	0.035677083
163440	0.035677083
163500.48	0.0359375
163559.52	0.0359375
163620	0.036197917
163680.48	0.036197917
163739.52	0.036458333
163800	0.036458333
163860.48	0.03671875
163980	0.036979167
164099.52	0.037239583
164220.48	0.0375
164340	0.037760417
164459.52	0.038020833
164580.48	0.038541667
164700	0.038802083
164819.52	0.039322917
164910.24	0.039583333
164999.52	0.03984375
165120.48	0.040104167
165240	0.040625
165359.52	0.040885417
165480.48	0.041145833
165600	0.04140625
165719.52	0.041927083
165840.48	0.0421875
165960	0.042447917
166079.52	0.04296875
166200.48	0.043229167
166320	0.043489583
166439.52	0.04375
166560.48	0.044270833
166680	0.04453125
166799.52	0.044791667
166920.48	0.0453125
167040	0.045572917
167159.52	0.045833333
167280.48	0.046354167
167400	0.046614583
167519.52	0.046875
167640.48	0.047395833
167760	0.04765625
167879.52	0.047916667
168000.48	0.0484375
168120	0.048958333
168239.52	0.049479167
168360.48	0.05
168480	0.050520833
168599.52	0.051041667
168720.48	0.051302083
168840	0.051822917
168959.52	0.052083333
169080.48	0.052604167
169200	0.053125
169319.52	0.053645833
169440.48	0.05390625
169560	0.054427083
169679.52	0.054947917
169800.48	0.055208333
169920	0.055729167
170039.52	0.05625
170160.48	0.056770833
170280	0.05703125
170399.52	0.057552083
170520.48	0.058072917
170640	0.058333333
170759.52	0.058854167
170880.48	0.059375
171000	0.059635417
171119.52	0.06015625
171240.48	0.060416667
171360	0.0609375
171479.52	0.061458333
171600.48	0.061979167
171720	0.0625
171839.52	0.062760417
171960.48	0.06328125
172080	0.063802083
172199.52	0.0640625
172320.48	0.064583333
172440	0.065104167
172559.52	0.065625
172680.48	0.066145833
172800	0.066666667
172919.52	0.0671875
173040.48	0.067708333
173160	0.068229167
173279.52	0.06875
173400.48	0.070052083
173520	0.070833333
173639.52	0.071354167
173760.48	0.071875
173880	0.072395833
173999.52	0.07265625
174120.48	0.073177083
174240	0.0734375
174359.52	0.073697917
174480.48	0.073958333
174600	0.07421875
174719.52	0.073958333
174840.48	0.0734375
174960	0.0734375
175079.52	0.073177083
175200.48	0.073177083
175320	0.073177083
175439.52	0.073177083
175560.48	0.073177083
175680	0.072916667
175740.624	0.072916667
175741.056	0.072916667
175741.776	0.072916667
175743.072	0.072916667
175745.088	0.072916667
175748.544	0.072916667
175754.592	0.072916667
175764.816	0.072916667
175780.944	0.072916667
175799.664	0.072916667
175800.096	0.072916667
175800.816	0.072916667
175802.112	0.072916667
175804.128	0.072916667
175807.584	0.072916667
175813.632	0.072916667
175824	0.072916667
175840.704	0.072916667
175860	0.072916667
175860.288	0.072916667
175860.864	0.072916667
175861.872	0.072916667
175863.456	0.072916667
175866.192	0.072916667
175870.656	0.072916667
175878.432	0.072916667
175891.68	0.072916667
175910.832	0.072916667
175920.624	0.072916667
175921.056	0.072916667
175921.776	0.072916667
175923.072	0.072916667
175925.088	0.072916667
175928.544	0.072916667
175934.592	0.072916667
175944.816	0.072916667
175960.944	0.072916667
175994.64	0.072916667
176040	0.072916667
176100.48	0.072916667
176159.52	0.072916667
176280.48	0.07265625
176400	0.07265625
176519.52	0.07265625
176640.48	0.07265625
176760	0.07265625
176879.52	0.07265625
177000.48	0.07265625
177120	0.07265625
177239.52	0.072395833
177320.16	0.072395833
177360.48	0.072395833
177419.52	0.072395833
177464.88	0.07265625
177500.16	0.07265625
177540.48	0.07265625
177551.568	0.07265625
177562.512	0.07265625
177577.344	0.07265625
177599.52	0.07265625
177607.584	0.07265625
177619.536	0.07265625
177634.656	0.07265625
177660	0.07265625
177668.064	0.07265625
177680.016	0.07265625
177698.88	0.07265625
177725.376	0.07265625
177733.296	0.07265625
177747.12	0.07265625
177768.72	0.07265625
177783.552	0.07265625
177790.032	0.07265625
177801.408	0.07265625
177819.408	0.07265625
177840	0.07265625
177843.744	0.07265625
177848.496	0.07265625
177856.416	0.07265625
177869.664	0.07265625
177890.256	0.07265625
177901.776	0.07265625
177903.648	0.07265625
177905.952	0.07265625
177909.552	0.07265625
177915.6	0.07265625
177925.68	0.07265625
177936.912	0.07265625
177952.032	0.07265625
177960.816	0.07265625
177964.848	0.07265625
177971.616	0.07265625
177982.704	0.07265625
178001.424	0.07265625
178020	0.07265625
178022.88	0.07265625
178025.184	0.07265625
178028.784	0.07265625
178034.688	0.07265625
178045.2	0.07265625
178058.448	0.07265625
178080.48	0.07265625
178082.352	0.07265625
178084.656	0.07265625
178088.544	0.07265625
178095.024	0.07265625
178106.544	0.07265625
178123.104	0.07265625
178139.52	0.072916667
178141.824	0.072916667
178145.136	0.072916667
178150.752	0.072916667
178157.232	0.072916667
178167.024	0.072916667
178180.128	0.072916667
178200	0.072916667
178202.304	0.072916667
178205.04	0.072916667
178209.792	0.072916667
178218	0.072916667
178229.088	0.072916667
178243.776	0.072916667
178260.48	0.072916667
178262.64	0.072916667
178265.52	0.072916667
178269.552	0.072916667
178275.456	0.072916667
178285.536	0.072916667
178301.376	0.072916667
178321.248	0.072916667
178323.84	0.072916667
178328.448	0.072916667
178336.224	0.072916667
178347.168	0.072916667
178363.584	0.072916667
178380.432	0.072916667
178381.728	0.072916667
178384.032	0.072916667
178387.92	0.072916667
178394.4	0.072916667
178404.912	0.072916667
178422.624	0.073177083
178441.056	0.073177083
178441.92	0.073177083
178443.36	0.073177083
178445.952	0.073177083
178450.128	0.073177083
178457.328	0.073177083
178470	0.073177083
178488.432	0.073177083
178499.952	0.073177083
178500.672	0.073177083
178501.968	0.073177083
178503.984	0.073177083
178507.44	0.073177083
178513.344	0.073177083
178522.992	0.073177083
178537.824	0.073177083
178552.656	0.073177083
178560.432	0.073177083
178561.44	0.073177083
178563.168	0.073177083
178566.192	0.073177083
178570.512	0.073177083
178576.992	0.073177083
178586.64	0.073177083
178602.48	0.0734375
178620.48	0.0734375
178621.632	0.0734375
178623.216	0.0734375
178625.952	0.0734375
178630.704	0.0734375
178638.624	0.0734375
178651.44	0.0734375
178669.008	0.0734375
178680.672	0.0734375
178682.4	0.0734375
178685.424	0.0734375
178690.608	0.0734375
178699.536	0.0734375
178714.656	0.0734375
178740	0.0734375
178740.72	0.0734375
178741.872	0.0734375
178743.744	0.0734375
178746.912	0.073697917
178752.384	0.073697917
178761.168	0.073697917
178775.856	0.073697917
178792.272	0.073697917
178800.912	0.073697917
178802.208	0.073697917
178804.368	0.073697917
178808.112	0.073697917
178814.448	0.073697917
178824.816	0.073697917
178837.776	0.073697917
178859.52	0.073958333
178860.384	0.073958333
178861.824	0.073958333
178864.272	0.073958333
178868.448	0.073958333
178874.496	0.073958333
178881.552	0.073958333
178893.648	0.073958333
178911.216	0.073958333
178920.576	0.073958333
178921.872	0.073958333
178924.032	0.073958333
178927.632	0.073958333
178933.968	0.073958333
178944.624	0.073958333
178956.576	0.07421875
178972.56	0.07421875
178980.912	0.07421875
178981.632	0.07421875
178982.784	0.07421875
178984.8	0.07421875
178987.824	0.07421875
178992.144	0.07421875
178999.92	0.07421875
179012.304	0.07421875
179030.448	0.07421875
179039.952	0.074479167
179040.672	0.074479167
179041.968	0.074479167
179043.984	0.074479167
179047.44	0.074479167
179052.624	0.074479167
179060.256	0.074479167
179072.784	0.074479167
179100	0.074479167
179100.864	0.074479167
179102.304	0.074479167
179104.464	0.074479167
179108.352	0.074479167
179114.832	0.074479167
179125.2	0.074739583
179142.912	0.074739583
179144.208	0.074739583
179146.08	0.074739583
179148.672	0.074739583
179153.136	0.074739583
179160.48	0.074739583
179161.2	0.074739583
179162.208	0.074739583
179163.792	0.074739583
179166.528	0.074739583
179171.136	0.074739583
179179.056	0.074739583
179191.728	0.075
179203.104	0.075
179206.416	0.075
179211.6	0.075
179219.52	0.075
179220.24	0.075
179221.248	0.075
179222.832	0.075
179225.568	0.075
179230.176	0.075
179237.952	0.075
179251.2	0.075260417
179270.352	0.075260417
179280.432	0.075260417
179281.152	0.075260417
179282.448	0.075260417
179284.464	0.075260417
179287.92	0.075260417
179293.824	0.075260417
179303.472	0.075520833
179318.304	0.075520833
179340.48	0.075520833
179341.2	0.075520833
179342.208	0.075520833
179343.648	0.07578125
179346.24	0.07578125
179350.704	0.07578125
179358.192	0.07578125
179370.576	0.07578125
179389.872	0.076041667
179400.096	0.076302083
179400.96	0.076302083
179402.544	0.076302083
179405.136	0.076302083
179409.456	0.076302083
179416.8	0.076302083
179426.736	0.0765625
179442.288	0.0765625
179460.576	0.076822917
179461.872	0.076822917
179464.032	0.076822917
179466.912	0.076822917
179471.664	0.076822917
179479.728	0.076822917
179491.392	0.077083333
179509.536	0.07734375
179520.912	0.07734375
179521.632	0.07734375
179523.072	0.07734375
179525.52	0.07734375
179529.552	0.07734375
179536.32	0.07734375
179547.552	0.077604167
179563.536	0.077604167
179579.664	0.077864583
179580.096	0.077864583
179580.816	0.077864583
179582.112	0.077864583
179584.128	0.077864583
179587.728	0.077864583
179592.192	0.077864583
179598.096	0.077864583
179606.448	0.078125
179617.68	0.078125
179631.648	0.078125
179640.288	0.078385417
179640.72	0.078385417
179641.44	0.078385417
179642.736	0.078385417
179644.896	0.078385417
179648.64	0.078385417
179654.832	0.078385417
179663.04	0.078385417
179677.152	0.078645833
179700.48	0.07890625
179701.2	0.07890625
179702.208	0.07890625
179703.648	0.07890625
179706.24	0.07890625
179710.704	0.07890625
179717.184	0.07890625
179724.816	0.07890625
179737.776	0.079166667
179759.52	0.079166667
179760.24	0.079166667
179761.536	0.079166667
179763.552	0.079166667
179767.152	0.079166667
179773.2	0.079166667
179783.568	0.079427083
179800.56	0.079427083
179820	0.0796875
179821.008	0.0796875
179822.16	0.0796875
179824.176	0.0796875
179827.488	0.0796875
179833.104	0.0796875
179842.608	0.0796875
179854.56	0.0796875
179880.48	0.079947917
179880.912	0.079947917
179881.632	0.079947917
179882.784	0.079947917
179884.8	0.079947917
179888.256	0.079947917
179894.016	0.079947917
179901.504	0.079947917
179913.456	0.079947917
179939.52	0.080208333
179939.808	0.080208333
179940.384	0.080208333
179941.392	0.080208333
179943.12	0.080208333
179945.856	0.080208333
179950.608	0.080208333
179956.8	0.080208333
179966.592	0.080208333
179983.296	0.08046875
180000	0.08046875
180000.288	0.08046875
180000.864	0.08046875
180001.872	0.08046875
180003.6	0.08046875
180006.336	0.08046875
180011.088	0.08046875
180019.152	0.08046875
180032.112	0.08046875
180060.48	0.080729167
180060.768	0.080729167
180061.2	0.080729167
180061.92	0.080729167
180063.216	0.080729167
180065.232	0.080729167
180068.832	0.080729167
180074.88	0.080729167
180085.104	0.080729167
180097.92	0.080729167
180119.52	0.080989583
180120.24	0.080989583
180121.248	0.080989583
180122.832	0.080989583
180125.424	0.080989583
180130.032	0.080989583
180136.656	0.080989583
180146.592	0.080989583
180162.144	0.080989583
180180	0.08125
180180.288	0.08125
180180.864	0.08125
180181.872	0.08125
180183.6	0.08125
180186.336	0.08125
180191.088	0.08125
180199.152	0.08125
180212.112	0.08125
180230.976	0.081510417
180240.912	0.081510417
180241.488	0.081510417
180242.352	0.081510417
180244.08	0.081510417
180246.96	0.081510417
180251.712	0.081510417
180259.632	0.081510417
180273.888	0.081510417
180299.52	0.081510417
180299.952	0.081510417
180300.384	0.081510417
180301.392	0.081510417
180302.976	0.081770833
180304.272	0.081770833
180304.848	0.081770833
180305.712	0.081770833
180307.152	0.081770833
180309.6	0.081770833
180313.632	0.081770833
180320.688	0.081770833
180328.608	0.081770833
180340.272	0.081770833
180360	0.081770833
180360.72	0.081770833
180361.728	0.081770833
180363.312	0.081770833
180365.904	0.081770833
180370.512	0.08203125
180378.144	0.08203125
180390.816	0.08203125
180410.544	0.08203125
180420.624	0.08203125
180421.056	0.08203125
180421.776	0.08203125
180422.928	0.08203125
180424.944	0.08203125
180426.672	0.08203125
180427.248	0.08203125
180427.968	0.08203125
180429.408	0.08203125
180430.992	0.08203125
180431.712	0.08203125
180432.864	0.08203125
180434.88	0.08203125
180435.6	0.08203125
180436.32	0.08203125
180437.328	0.08203125
180439.2	0.08203125
180442.224	0.08203125
180447.264	0.08203125
180455.616	0.082291667
180470.592	0.082291667
180479.952	0.082291667
180480.816	0.082291667
180482.256	0.082291667
180484.704	0.082291667
180488.736	0.082291667
180495.792	0.082291667
180507.312	0.082291667
180520.416	0.082552083
180533.52	0.082552083
180540.288	0.082552083
180541.008	0.082552083
180542.016	0.082552083
180543.6	0.082552083
180545.76	0.082552083
180546.336	0.082552083
180547.2	0.082552083
180548.64	0.082552083
180550.944	0.082552083
180554.112	0.082552083
180558.576	0.082552083
180565.488	0.082552083
180576.432	0.0828125
180591.408	0.0828125
180600.768	0.0828125
180601.344	0.0828125
180602.208	0.0828125
180603.648	0.0828125
180605.952	0.0828125
180607.968	0.0828125
180608.976	0.0828125
180610.56	0.0828125
180613.296	0.0828125
180617.904	0.0828125
180625.536	0.0828125
180636.912	0.0828125
180648.144	0.083072917
180659.52	0.083072917
180660.096	0.083072917
180660.96	0.083072917
180662.256	0.083072917
180664.56	0.083072917
180668.304	0.083072917
180674.64	0.083072917
180682.848	0.083072917
180694.08	0.083072917
180711.36	0.083333333
180720.288	0.083333333
180720.864	0.083333333
180722.016	0.083333333
180723.888	0.083333333
180726.912	0.083333333
180727.344	0.083333333
180727.92	0.083333333
180728.784	0.083333333
180730.368	0.083333333
180732.96	0.083333333
180736.272	0.083333333
180741.888	0.083333333
180751.824	0.083333333
180769.824	0.08359375
180780.912	0.08359375
180781.488	0.08359375
180782.352	0.08359375
180784.08	0.08359375
180786.96	0.08359375
180791.712	0.08359375
180797.904	0.08359375
180808.704	0.08359375
180828	0.083854167
180839.952	0.083854167
180840.816	0.083854167
180841.824	0.083854167
180843.696	0.083854167
180847.008	0.083854167
180852.336	0.083854167
180860.256	0.083854167
180872.208	0.083854167
180890.784	0.084114583
180900.144	0.084114583
180900.432	0.084114583
180901.008	0.084114583
180902.016	0.084114583
180903.744	0.084114583
180906.48	0.084114583
180911.232	0.084114583
180919.296	0.084114583
180929.952	0.084375
180945.216	0.084375
180960.48	0.084375
180961.2	0.084375
180962.208	0.084375
180963.648	0.084375
180966.24	0.084375
180970.704	0.084375
180978.192	0.084375
180990.576	0.084375
181008.72	0.084635417
181019.952	0.084635417
181020.672	0.084635417
181021.968	0.084635417
181023.984	0.084635417
181027.44	0.084635417
181033.344	0.084635417
181042.992	0.084895833
181057.824	0.084895833
181080	0.084895833
181080.72	0.084895833
181081.728	0.084895833
181083.312	0.084895833
181085.904	0.084895833
181090.512	0.084895833
181098.144	0.084895833
181110.816	0.084895833
181130.544	0.08515625
181140.912	0.08515625
181141.632	0.08515625
181142.784	0.08515625
181144.8	0.08515625
181148.256	0.08515625
181154.016	0.08515625
181163.376	0.08515625
181180.224	0.08515625
181199.52	0.085416667
181200.528	0.085416667
181201.68	0.085416667
181203.696	0.085416667
181204.416	0.085416667
181205.424	0.085416667
181207.152	0.085416667
181210.032	0.085416667
181214.928	0.085416667
181223.136	0.085416667
181236.96	0.085416667
181252.368	0.085416667
181260.432	0.085677083
181261.008	0.085677083
181262.016	0.085677083
181263.744	0.085677083
181265.472	0.085677083
181266.768	0.085677083
181268.928	0.085677083
181272.528	0.085677083
181278.576	0.085677083
181289.376	0.085677083
181308.816	0.085677083
181320.912	0.085677083
181321.632	0.085677083
181322.784	0.085677083
181324.8	0.085677083
181328.256	0.085677083
181328.832	0.085677083
181329.552	0.085677083
181330.992	0.085677083
181333.44	0.0859375
181335.312	0.0859375
181335.888	0.0859375
181336.896	0.0859375
181338.624	0.0859375
181341.36	0.0859375
181346.112	0.0859375
181353.744	0.0859375
181366.56	0.0859375
181379.952	0.0859375
181380.816	0.0859375
181382.256	0.0859375
181384.704	0.0859375
181388.736	0.0859375
181395.792	0.0859375
181407.312	0.086197917
181423.584	0.086197917
181440	0.086197917
181440.72	0.086197917
181441.728	0.086197917
181443.312	0.086197917
181445.904	0.086197917
181450.512	0.086197917
181458.144	0.086197917
181470.816	0.086197917
181490.544	0.086458333
181501.056	0.086458333
181501.92	0.086458333
181503.36	0.086458333
181505.52	0.086458333
181508.4	0.086458333
181511.28	0.086458333
181511.568	0.086458333
181512	0.086458333
181512.72	0.086458333
181514.016	0.086458333
181516.032	0.086458333
181519.632	0.086458333
181525.536	0.086458333
181535.76	0.08671875
181551.6	0.08671875
181559.952	0.08671875
181560.672	0.08671875
181561.968	0.08671875
181563.984	0.08671875
181567.44	0.08671875
181573.344	0.08671875
181582.992	0.08671875
181600.272	0.08671875
181620	0.086979167
181620.432	0.086979167
181620.864	0.086979167
181621.872	0.086979167
181623.456	0.086979167
181625.184	0.086979167
181625.904	0.086979167
181627.344	0.086979167
181629.648	0.086979167
181632.096	0.086979167
181633.392	0.086979167
181635.408	0.086979167
181637.856	0.086979167
181640.592	0.086979167
181643.328	0.086979167
181645.2	0.086979167
181646.208	0.086979167
181647.36	0.086979167
181648.8	0.086979167
181651.248	0.086979167
181655.424	0.086979167
181661.616	0.086979167
181670.4	0.087239583
181680.48	0.087239583
181680.912	0.087239583
181681.344	0.087239583
181682.208	0.087239583
181683.648	0.087239583
181686.096	0.087239583
181690.272	0.087239583
181695.744	0.087239583
181703.664	0.087239583
181714.896	0.087239583
181727.28	0.0875
181739.952	0.0875
181740.672	0.0875
181741.968	0.0875
181743.984	0.0875
181747.44	0.0875
181753.344	0.0875
181762.992	0.0875
181780.272	0.0875
181800	0.087760417
181800.72	0.087760417
181801.728	0.087760417
181803.312	0.087760417
181805.904	0.087760417
181810.512	0.087760417
181818.144	0.087760417
181830.816	0.087760417
181849.392	0.087760417
181860.912	0.088020833
181861.632	0.088020833
181862.784	0.088020833
181864.8	0.088020833
181867.824	0.088020833
181868.256	0.088020833
181868.832	0.088020833
181869.984	0.088020833
181871.712	0.088020833
181874.88	0.088020833
181880.064	0.088020833
181886.688	0.088020833
181898.352	0.088020833
181919.52	0.08828125
181920.096	0.08828125
181920.96	0.08828125
181922.256	0.08828125
181924.56	0.08828125
181926.72	0.08828125
181927.584	0.08828125
181929.024	0.08828125
181931.184	0.08828125
181934.064	0.08828125
181935.072	0.08828125
181936.368	0.08828125
181938.528	0.08828125
181941.84	0.08828125
181942.992	0.08828125
181944.432	0.08828125
181946.88	0.08828125
181951.056	0.08828125
181957.68	0.08828125
181968.768	0.088541667
181980	0.088541667
181980.576	0.088541667
181981.152	0.088541667
181982.304	0.088541667
181984.32	0.088541667
181987.488	0.088541667
181992.96	0.088541667
181996.128	0.088541667
181996.56	0.088541667
181997.136	0.088541667
181998.144	0.088541667
181999.728	0.088541667
182002.464	0.088541667
182003.04	0.088541667
182003.616	0.088541667
182004.768	0.088541667
182006.784	0.088541667
182010.096	0.088541667
182010.384	0.088541667
182010.816	0.088541667
182011.536	0.088541667
182012.832	0.088541667
182014.848	0.088541667
182018.448	0.088541667
182024.064	0.088802083
182034.288	0.088802083
182040.768	0.088802083
182041.344	0.088802083
182042.496	0.088802083
182044.224	0.088802083
182047.248	0.088802083
182052.432	0.088802083
182053.152	0.088802083
182054.016	0.088802083
182055.456	0.088802083
182057.904	0.088802083
182062.224	0.088802083
182069.568	0.088802083
182078.928	0.088802083
182092.608	0.0890625
182099.952	0.0890625
182100.96	0.0890625
182102.688	0.0890625
182105.712	0.0890625
182110.608	0.0890625
182118.816	0.0890625
182133.504	0.0890625
182160	0.089322917
182160.432	0.089322917
182161.008	0.089322917
182161.872	0.089322917
182163.312	0.089322917
182165.76	0.089322917
182170.08	0.089322917
182177.28	0.089322917
182186.928	0.089322917
182200.32	0.089583333
182220.48	0.089583333
182221.2	0.089583333
182222.208	0.089583333
182223.648	0.089583333
182226.24	0.089583333
182230.704	0.089583333
182238.192	0.089583333
182250.576	0.08984375
182269.872	0.08984375
182280.096	0.08984375
182280.96	0.08984375
182282.544	0.08984375
182285.136	0.08984375
182286.144	0.08984375
182287.44	0.08984375
182289.744	0.090104167
182293.488	0.090104167
182299.824	0.090104167
182308.752	0.090104167
182323.296	0.090104167
182340	0.090364583
182340.576	0.090364583
182341.44	0.090364583
182342.736	0.090364583
182345.04	0.090364583
182348.208	0.090364583
182353.104	0.090364583
182360.304	0.090364583
182369.232	0.090625
182383.776	0.090625
182400.48	0.090625
182401.2	0.090625
182402.352	0.090625
182404.08	0.090885417
182407.248	0.090885417
182412.576	0.090885417
182421.216	0.090885417
182435.616	0.090885417
182459.52	0.091145833
182460.24	0.091145833
182461.248	0.091145833
182462.832	0.091145833
182465.424	0.091145833
182470.032	0.091145833
182477.664	0.09140625
182490.336	0.09140625
182510.064	0.091666667
182520.432	0.091927083
182521.008	0.091927083
182522.016	0.091927083
182523.744	0.091927083
182526.192	0.0921875
182529.936	0.0921875
182536.416	0.0921875
182538.432	0.092447917
182540.592	0.092447917
182543.904	0.092447917
182546.784	0.092447917
182550.24	0.092708333
182552.112	0.092708333
182552.688	0.092708333
182553.696	0.092708333
182555.28	0.092708333
182557.872	0.092708333
182560.032	0.09296875
182561.184	0.09296875
182562.912	0.09296875
182566.08	0.09296875
182571.552	0.09296875
182577.456	0.093229167
182581.056	0.093229167
182581.92	0.093229167
182583.36	0.093229167
182585.952	0.093229167
182590.128	0.093229167
182597.328	0.093229167
182606.976	0.093489583
182619.936	0.09375
182639.52	0.094010417
182640.384	0.094010417
182641.824	0.094010417
182643.984	0.094010417
182647.872	0.094010417
182654.352	0.094010417
182663.424	0.094270833
182675.664	0.09453125
182687.76	0.09453125
182700	0.094791667
182700.72	0.094791667
182701.872	0.094791667
182703.744	0.094791667
182706.912	0.094791667
182712.384	0.095052083
182719.296	0.095052083
182731.68	0.095052083
182750.832	0.0953125
182761.056	0.0953125
182761.92	0.0953125
182763.36	0.0953125
182765.52	0.095572917
182768.832	0.095572917
182774.304	0.095572917
182783.52	0.095572917
182800.368	0.095572917
182819.52	0.095833333
182820.528	0.095833333
182821.68	0.095833333
182823.696	0.095833333
182826.576	0.095833333
182830.32	0.09609375
182830.896	0.09609375
182831.616	0.09609375
182833.056	0.09609375
182835.36	0.09609375
182838.384	0.09609375
182840.832	0.09609375
182842.128	0.09609375
182844.144	0.09609375
182847.456	0.09609375
182851.344	0.09609375
182852.784	0.09609375
182854.512	0.096354167
182856.096	0.096354167
182858.832	0.096354167
182862.288	0.096354167
182865.744	0.096354167
182866.32	0.096354167
182867.472	0.096354167
182869.2	0.096354167
182871.504	0.096354167
182875.536	0.096354167
182880	0.096354167
182880.72	0.096354167
182881.584	0.096354167
182883.024	0.096354167
182885.04	0.096614583
182888.208	0.096614583
182890.224	0.096614583
182890.8	0.096614583
182891.52	0.096614583
182892.816	0.096614583
182895.12	0.096614583
182898.288	0.096614583
182903.04	0.096614583
182911.392	0.096614583
182924.928	0.096875
182940.48	0.096875
182941.2	0.096875
182942.352	0.096875
182944.08	0.097135417
182947.248	0.097135417
182948.544	0.097135417
182950.128	0.097135417
182952.864	0.097135417
182956.32	0.097135417
182959.488	0.097135417
182963.088	0.097135417
182966.256	0.097135417
182968.128	0.097135417
182971.152	0.097135417
182971.584	0.097135417
182972.304	0.097135417
182973.6	0.097135417
182975.76	0.097135417
182979.216	0.097135417
182979.936	0.097135417
182981.088	0.097135417
182982.816	0.097135417
182985.552	0.097395833
182989.008	0.097395833
182990.448	0.097395833
182991.024	0.097395833
182992.032	0.097395833
182993.472	0.097395833
182994.48	0.097395833
182995.92	0.097395833
182998.368	0.097395833
182999.664	0.097395833
183000.24	0.097395833
183001.104	0.097395833
183002.544	0.097395833
183004.848	0.09765625
183007.44	0.09765625
183008.592	0.09765625
183010.464	0.09765625
183013.056	0.09765625
183016.656	0.09765625
183017.808	0.09765625
183019.104	0.09765625
183021.408	0.09765625
183024.864	0.09765625
183026.16	0.09765625
183027.744	0.09765625
183030.336	0.09765625
183034.8	0.09765625
183042.288	0.09765625
183054.096	0.097916667
183060.432	0.097916667
183061.008	0.097916667
183062.016	0.097916667
183063.744	0.097916667
183066.624	0.097916667
183071.52	0.097916667
183079.584	0.097916667
183094.272	0.098177083
183111.696	0.098177083
183121.056	0.0984375
183121.92	0.0984375
183123.36	0.0984375
183125.952	0.0984375
183130.128	0.0984375
183137.328	0.0984375
183150	0.0984375
183169.728	0.098697917
183180.096	0.098697917
183180.96	0.098697917
183182.544	0.098697917
183185.136	0.098697917
183187.296	0.098697917
183187.872	0.098697917
183188.88	0.098697917
183190.752	0.098697917
183193.776	0.098697917
183195.072	0.098697917
183196.656	0.098697917
183199.248	0.098697917
183202.56	0.098697917
183206.016	0.098697917
183207.312	0.098958333
183208.896	0.098958333
183211.632	0.098958333
183212.784	0.098958333
183214.08	0.098958333
183216.384	0.098958333
183220.272	0.098958333
183227.328	0.098958333
183240	0.098958333
183240.576	0.098958333
183241.152	0.098958333
183242.304	0.098958333
183244.32	0.098958333
183247.488	0.09921875
183252.24	0.09921875
183259.296	0.09921875
183271.68	0.09921875
183290.832	0.099479167
183300.912	0.099479167
183301.632	0.099479167
183302.784	0.099479167
183304.8	0.099479167
183308.256	0.099479167
183308.688	0.099479167
183309.264	0.099479167
183310.272	0.099479167
183311.856	0.099739583
183314.736	0.099739583
183319.488	0.099739583
183327.552	0.099739583
183342.384	0.099739583
183359.52	0.099739583
183360.24	0.099739583
183361.392	0.099739583
183363.264	0.1
183366.432	0.1
183371.904	0.1
183380.688	0.1
183393.792	0.1
183411.216	0.1
183420.576	0.100260417
183421.44	0.100260417
183423.024	0.100260417
183425.616	0.100260417
183429.936	0.100260417
183437.28	0.100260417
183450.24	0.100260417
183470.4	0.100520833
183480.912	0.100520833
183481.632	0.100520833
183482.496	0.100520833
183484.08	0.100520833
183486.672	0.100520833
183490.128	0.100520833
183490.56	0.100520833
183491.136	0.100520833
183492.144	0.100520833
183493.728	0.100520833
183496.608	0.100520833
183501.36	0.10078125
183509.136	0.10078125
183523.392	0.10078125
183539.52	0.10078125
183540.24	0.10078125
183541.248	0.10078125
183542.832	0.10078125
183545.424	0.10078125
183549.456	0.10078125
183553.344	0.101041667
183553.92	0.101041667
183554.784	0.101041667
183556.224	0.101041667
183558.672	0.101041667
183560.688	0.101041667
183561.264	0.101041667
183562.272	0.101041667
183563.712	0.101041667
183565.872	0.101041667
183568.752	0.101041667
183570.048	0.101041667
183571.488	0.101041667
183573.936	0.101041667
183577.536	0.101041667
183579.696	0.101041667
183580.272	0.101041667
183581.28	0.101041667
183582.864	0.101041667
183585.744	0.101041667
183588.48	0.101041667
183590.064	0.101302083
183591.36	0.101302083
183593.808	0.101302083
183596.112	0.101302083
183597.264	0.101302083
183600	0.101302083
183601.008	0.101302083
183602.592	0.101302083
183605.184	0.101302083
183609.648	0.101302083
183617.136	0.101302083
183630.24	0.101302083
183650.4	0.1015625
183661.056	0.1015625
183661.92	0.1015625
183663.36	0.1015625
183665.952	0.1015625
183667.968	0.1015625
183668.688	0.1015625
183669.696	0.1015625
183671.424	0.1015625
183674.448	0.1015625
183676.752	0.1015625
183677.904	0.1015625
183679.632	0.1015625
183681.936	0.1015625
183685.248	0.1015625
183687.408	0.1015625
183687.984	0.1015625
183689.136	0.1015625
183690.864	0.1015625
183693.168	0.1015625
183696.624	0.1015625
183697.056	0.1015625
183697.92	0.1015625
183699.216	0.1015625
183701.376	0.1015625
183704.544	0.1015625
183705.84	0.101822917
183707.28	0.101822917
183709.728	0.101822917
183714.336	0.101822917
183719.52	0.101822917
183720.24	0.101822917
183721.248	0.101822917
183722.832	0.101822917
183725.568	0.101822917
183730.032	0.101822917
183737.808	0.101822917
183751.056	0.101822917
183770.352	0.102083333
183780.576	0.102083333
183781.44	0.102083333
183783.024	0.102083333
183785.616	0.102083333
183789.936	0.102083333
183790.656	0.102083333
183791.664	0.102083333
183793.536	0.102083333
183796.56	0.102083333
183797.712	0.102083333
183799.296	0.102083333
183802.032	0.102083333
183806.352	0.102083333
183814.128	0.102083333
183826.512	0.10234375
183840.48	0.10234375
183841.056	0.10234375
183841.92	0.10234375
183843.216	0.10234375
183845.376	0.10234375
183848.976	0.10234375
183855.168	0.10234375
183865.392	0.10234375
183882.384	0.102604167
183900.096	0.102604167
183900.96	0.102604167
183902.544	0.102604167
183905.136	0.102604167
183909.456	0.102604167
183916.8	0.102604167
183929.76	0.102604167
183948.624	0.102864583
183960.432	0.102864583
183961.152	0.102864583
183962.448	0.102864583
183964.464	0.102864583
183967.92	0.102864583
183973.824	0.102864583
183983.472	0.103125
184000.752	0.103125
184020.48	0.103125
184021.344	0.103125
184022.496	0.103125
184024.512	0.103125
184027.824	0.103125
184033.296	0.103125
184042.656	0.103385417
184059.792	0.103385417
184079.52	0.103385417
184080.528	0.103385417
184081.68	0.103385417
184083.696	0.103385417
184087.008	0.103385417
184089.744	0.103385417
184090.608	0.103385417
184092.048	0.103385417
184094.352	0.103385417
184098.24	0.103385417
184100.832	0.103385417
184101.552	0.103385417
184102.848	0.103385417
184104.864	0.103645833
184108.464	0.103645833
184110.048	0.103645833
184111.776	0.103645833
184114.944	0.103645833
184119.408	0.103645833
184120.128	0.103645833
184121.136	0.103645833
184122.72	0.103645833
184125.6	0.103645833
184130.064	0.103645833
184130.784	0.103645833
184131.504	0.103645833
184132.8	0.103645833
184134.96	0.103645833
184138.272	0.103645833
184140.288	0.103645833
184141.008	0.103645833
184142.16	0.103645833
184144.176	0.103645833
184147.488	0.103645833
184148.928	0.103645833
184150.656	0.103645833
184153.536	0.103645833
184157.28	0.103645833
184159.728	0.103645833
184160.448	0.103645833
184161.744	0.103645833
184163.76	0.103645833
184167.072	0.103645833
184168.8	0.103645833
184170.816	0.103645833
184173.984	0.103645833
184177.152	0.10390625
184178.448	0.10390625
184180.752	0.10390625
184184.352	0.10390625
184184.928	0.10390625
184185.792	0.10390625
184187.376	0.10390625
184189.968	0.10390625
184193.856	0.10390625
184196.592	0.10390625
184197.312	0.10390625
184198.752	0.10390625
184200.48	0.10390625
184202.64	0.10390625
184205.232	0.10390625
184208.112	0.10390625
184209.408	0.10390625
184211.424	0.10390625
184214.448	0.10390625
184218.768	0.10390625
184219.488	0.10390625
184220.352	0.10390625
184222.08	0.10390625
184224.672	0.10390625
184229.28	0.10390625
184230	0.10390625
184231.152	0.10390625
184232.88	0.10390625
184235.328	0.10390625
184239.36	0.10390625
184241.952	0.10390625
184242.672	0.10390625
184243.968	0.10390625
184246.128	0.10390625
184249.728	0.104166667
184252.608	0.104166667
184253.904	0.104166667
184256.496	0.104166667
184259.52	0.104166667
184260.816	0.104166667
184262.4	0.104166667
184264.992	0.104166667
184269.456	0.104166667
184277.088	0.104166667
184290.048	0.104166667
184310.064	0.104166667
184320.576	0.104166667
184321.44	0.104166667
184323.024	0.104427083
184325.616	0.104427083
184329.936	0.104427083
184337.28	0.104427083
184350.24	0.104427083
184370.4	0.104427083
184382.064	0.104427083
184384.8	0.104427083
184389.264	0.104427083
184393.296	0.104427083
184397.904	0.1046875
184399.632	0.1046875
184401.648	0.1046875
184405.104	0.1046875
184406.688	0.1046875
184408.416	0.1046875
184409.28	0.1046875
184410.576	0.1046875
184412.592	0.1046875
184415.472	0.1046875
184418.784	0.1046875
184421.088	0.1046875
184421.808	0.1046875
184422.96	0.1046875
184424.976	0.1046875
184428.288	0.1046875
184432.752	0.1046875
184433.472	0.1046875
184434.624	0.1046875
184436.496	0.1046875
184439.52	0.1046875
184440.672	0.1046875
184442.544	0.1046875
184445.568	0.1046875
184449.6	0.1046875
184452.768	0.1046875
184454.352	0.1046875
184454.928	0.1046875
184455.792	0.1046875
184457.088	0.1046875
184458.672	0.1046875
184460.976	0.1046875
184464.864	0.1046875
184471.344	0.104947917
184482	0.104947917
184500	0.104947917
184500.72	0.104947917
184501.872	0.104947917
184503.744	0.104947917
184506.912	0.104947917
184512.384	0.104947917
184513.248	0.104947917
184514.4	0.104947917
184516.128	0.104947917
184519.008	0.104947917
184522.752	0.104947917
184525.776	0.104947917
184527.216	0.104947917
184529.664	0.104947917
184533.984	0.104947917
184536.72	0.104947917
184537.44	0.104947917
184538.736	0.104947917
184540.896	0.104947917
184544.64	0.104947917
184546.368	0.104947917
184548.672	0.105208333
184552.128	0.105208333
184553.712	0.105208333
184555.728	0.105208333
184558.896	0.105208333
184561.344	0.105208333
184562.496	0.105208333
184564.8	0.105208333
184568.4	0.105208333
184574.592	0.105208333
184584.816	0.105208333
184602.24	0.105208333
184620.096	0.105208333
184620.96	0.105208333
184622.544	0.105208333
184625.136	0.105208333
184628.88	0.10546875
184633.776	0.10546875
184636.656	0.10546875
184637.376	0.10546875
184638.816	0.10546875
184641.12	0.10546875
184645.008	0.10546875
184651.488	0.10546875
184662.144	0.10546875
184680	0.10546875
184685.76	0.10546875
184690.368	0.10546875
184695.84	0.10546875
184701.888	0.10546875
184708.08	0.105729167
184713.984	0.105729167
184714.848	0.105729167
184716.144	0.105729167
184718.304	0.105729167
184721.904	0.105729167
184727.664	0.105729167
184740.48	0.105729167
184744.656	0.105729167
184749.12	0.105729167
184755.024	0.105729167
184758.336	0.105729167
184759.2	0.105729167
184760.928	0.105729167
184763.664	0.105729167
184768.272	0.105989583
184770.288	0.105989583
184772.736	0.105989583
184776.768	0.105989583
184778.352	0.105989583
184780.368	0.105989583
184781.376	0.105989583
184782.816	0.105989583
184784.976	0.105989583
184788.144	0.105989583
184792.464	0.105989583
184793.184	0.105989583
184794.336	0.105989583
184796.352	0.105989583
184799.52	0.105989583
184800.384	0.105989583
184801.392	0.105989583
184803.12	0.105989583
184806	0.105989583
184810.896	0.105989583
184814.64	0.105989583
184816.08	0.105989583
184818.672	0.105989583
184822.848	0.105989583
184824.576	0.105989583
184826.88	0.105989583
184830.48	0.105989583
184835.952	0.105989583
184836.672	0.105989583
184837.824	0.105989583
184839.696	0.105989583
184843.008	0.105989583
184846.464	0.105989583
184848.048	0.105989583
184850.784	0.105989583
184855.104	0.10625
184860	0.10625
184860.864	0.10625
184861.728	0.10625
184863.312	0.10625
184865.472	0.10625
184869.072	0.10625
184875.264	0.10625
184880.448	0.10625
184882.032	0.10625
184884.48	0.10625
184888.656	0.10625
184893.552	0.10625
184895.136	0.10625
184897.296	0.10625
184900.752	0.10625
184903.632	0.10625
184904.496	0.10625
184906.08	0.10625
184908.672	0.10625
184911.84	0.10625
184915.008	0.10625
184917.168	0.10625
184920.48	0.10625
184921.632	0.10625
184923.504	0.10625
184926.672	0.10625
184931.856	0.10625
184936.032	0.10625
184937.04	0.10625
184938.624	0.10625
184941.504	0.10625
184946.256	0.106510417
184953.888	0.106510417
184955.184	0.106510417
184957.344	0.106510417
184960.944	0.106510417
184966.848	0.106510417
184979.52	0.106510417
184980.96	0.106510417
184982.544	0.106510417
184984.704	0.106510417
184988.592	0.106510417
184995.216	0.106510417
185006.736	0.106510417
185027.472	0.106510417
185040.576	0.106510417
185041.872	0.106770833
185044.032	0.106770833
185047.632	0.106770833
185051.52	0.106770833
185053.392	0.106770833
185056.704	0.106770833
185061.312	0.106770833
185065.344	0.106770833
185067.072	0.106770833
185069.088	0.106770833
185072.688	0.106770833
185079.024	0.106770833
185088.96	0.106770833
185100.48	0.106770833
185101.2	0.106770833
185102.352	0.106770833
185104.08	0.106770833
185107.248	0.106770833
185112.576	0.106770833
185121.216	0.106770833
185135.616	0.106770833
185159.52	0.10703125
185160.672	0.10703125
185162.256	0.10703125
185165.136	0.10703125
185169.888	0.10703125
185178.096	0.10703125
185191.2	0.10703125
185220	0.10703125
185221.008	0.10703125
185222.16	0.10703125
185224.176	0.10703125
185227.488	0.10703125
185233.104	0.10703125
185242.608	0.10703125
185260.32	0.107291667
185280.48	0.107291667
185281.632	0.107291667
185283.216	0.107291667
185285.952	0.107291667
185289.408	0.107291667
185293.728	0.107291667
185298.912	0.107291667
185304.672	0.107291667
185306.832	0.107291667
185309.568	0.107291667
185314.176	0.107291667
185317.776	0.107291667
185320.224	0.107291667
185324.688	0.107291667
185330.592	0.107291667
185331.456	0.107291667
185332.464	0.107291667
185334.336	0.107291667
185337.504	0.107291667
185341.68	0.107291667
185345.136	0.107291667
185350.32	0.107291667
185357.088	0.107552083
185357.952	0.107552083
185359.392	0.107552083
185361.84	0.107552083
185365.872	0.107552083
185370.192	0.107552083
185373.216	0.107552083
185378.112	0.107552083
185386.32	0.107552083
185400	0.107552083
185401.584	0.107552083
185403.6	0.107552083
185407.056	0.107552083
185412.816	0.107552083
185422.464	0.107552083
185440.176	0.107552083
185460.48	0.107552083
185461.632	0.107552083
185463.216	0.107552083
185465.952	0.1078125
185470.704	0.1078125
185476.752	0.1078125
185483.52	0.1078125
185484.528	0.1078125
185486.112	0.1078125
185488.56	0.1078125
185492.88	0.1078125
185499.792	0.1078125
185512.176	0.1078125
185520.528	0.1078125
185521.968	0.1078125
185524.704	0.1078125
185527.44	0.1078125
185529.312	0.1078125
185532.48	0.1078125
185537.952	0.1078125
185542.416	0.1078125
185544.432	0.1078125
185548.032	0.1078125
185553.792	0.1078125
185563.728	0.1078125
185580	0.1078125
185581.872	0.1078125
185584.32	0.108072917
185588.208	0.108072917
185594.976	0.108072917
185603.904	0.108072917
185617.584	0.108072917
185640.48	0.108072917
185641.632	0.108072917
185643.216	0.108072917
185645.952	0.108072917
185650.704	0.108072917
185656.464	0.108072917
185662.656	0.108072917
185664.96	0.108072917
185667.84	0.108072917
185672.736	0.108072917
185679.36	0.108072917
185680.512	0.108072917
185682.24	0.108072917
185684.976	0.108072917
185689.584	0.108072917
185699.52	0.108072917
185700.816	0.108072917
185702.832	0.108072917
185706.288	0.108072917
185712.048	0.108333333
185716.656	0.108333333
185718.96	0.108333333
185722.704	0.108333333
185728.32	0.108333333
185735.376	0.108333333
185738.112	0.108333333
185741.712	0.108333333
185747.472	0.108333333
185749.776	0.108333333
185752.944	0.108333333
185757.696	0.108333333
185761.152	0.108333333
185763.168	0.108333333
185766.48	0.108333333
185771.952	0.108333333
185781.6	0.108333333
185796.144	0.108333333
185820.48	0.108333333
185821.632	0.108333333
185823.216	0.108333333
185825.952	0.108333333
185830.704	0.108333333
185837.472	0.108333333
185840.208	0.10859375
185843.376	0.10859375
185848.848	0.10859375
185858.064	0.10859375
185872.32	0.10859375
185880.816	0.10859375
185882.976	0.10859375
185886.72	0.10859375
185892.912	0.10859375
185903.568	0.10859375
185920.56	0.10859375
185945.04	0.10859375
185950.08	0.10859375
185952.528	0.10859375
185956.704	0.10859375
185963.904	0.10859375
185975.424	0.10859375
186000.48	0.108854167
186003.216	0.108854167
186006.672	0.108854167
186012.432	0.108854167
186017.184	0.108854167
186019.632	0.108854167
186023.52	0.108854167
186030.144	0.108854167
186032.88	0.108854167
186035.472	0.108854167
186039.936	0.108854167
186047.28	0.108854167
186059.52	0.108854167
186061.248	0.108854167
186063.696	0.108854167
186068.016	0.108854167
186072.48	0.108854167
186075.504	0.108854167
186080.832	0.108854167
186087.744	0.108854167
186093.216	0.108854167
186096.24	0.108854167
186101.712	0.108854167
186109.056	0.108854167
186110.352	0.108854167
186112.944	0.108854167
186117.264	0.108854167
186121.008	0.109114583
186123.312	0.109114583
186127.056	0.109114583
186133.536	0.109114583
186144.192	0.109114583
186161.184	0.109114583
186182.64	0.109114583
186186.24	0.109114583
186192.144	0.109114583
186195.024	0.109114583
186199.344	0.109114583
186206.688	0.109114583
186214.896	0.109114583
186216.048	0.109114583
186217.632	0.109114583
186220.368	0.109114583
186225.408	0.109114583
186234.192	0.109114583
186240.24	0.109114583
186241.68	0.109114583
186244.416	0.109114583
186248.736	0.109114583
186255.216	0.109114583
186258.096	0.109114583
186262.272	0.109114583
186269.184	0.109114583
186274.8	0.109114583
186277.68	0.109114583
186282.864	0.109375
186287.76	0.109375
186291.504	0.109375
186297.12	0.109375
186301.44	0.109375
186303.744	0.109375
186307.776	0.109375
186314.4	0.109375
186326.352	0.109375
186347.664	0.109375
186362.064	0.109375
186364.8	0.109375
186369.264	0.109375
186376.752	0.109375
186389.568	0.109375
186409.584	0.109375
186423.552	0.109375
186430.032	0.109375
186432.912	0.109375
186436.368	0.109375
186442.272	0.109375
186452.064	0.109635417
186469.488	0.109635417
186481.296	0.109635417
186484.464	0.109635417
186489.648	0.109635417
186498.72	0.109635417
186514.416	0.109635417
186540.48	0.109635417
186543.792	0.109635417
186548.688	0.109635417
186557.04	0.109635417
186561.072	0.109635417
186567.264	0.109635417
186576.48	0.109635417
186585.696	0.109635417
186590.304	0.109635417
186596.496	0.109635417
186601.248	0.109635417
186605.136	0.109635417
186611.616	0.109635417
186614.352	0.109635417
186617.808	0.109635417
186622.704	0.109635417
186630.192	0.109635417
186644.16	0.109895833
186660	0.109895833
186662.736	0.109895833
186666.768	0.109895833
186673.536	0.109895833
186682.176	0.109895833
186691.68	0.109895833
186701.328	0.109895833
186708.528	0.109895833
186712.272	0.109895833
186716.88	0.109895833
186720.48	0.109895833
186721.92	0.109895833
186724.08	0.109895833
186727.68	0.109895833
186733.872	0.109895833
186741.648	0.109895833
186750	0.109895833
186756.624	0.109895833
186760.368	0.109895833
186766.416	0.109895833
186779.52	0.109895833
186781.248	0.109895833
186783.696	0.109895833
186788.016	0.109895833
186795.072	0.109895833
186798.384	0.109895833
186803.424	0.109895833
186811.776	0.109895833
186818.4	0.109895833
186821.568	0.109895833
186827.184	0.109895833
186835.68	0.109895833
186841.728	0.109895833
186844.464	0.109895833
186849.072	0.109895833
186856.848	0.109895833
186869.952	0.11015625
186890.256	0.11015625
186902.064	0.11015625
186905.952	0.11015625
186912.288	0.11015625
186923.088	0.11015625
186940.08	0.11015625
186961.824	0.11015625
186966.864	0.11015625
186975.648	0.11015625
186985.44	0.11015625
186990.048	0.11015625
186996.96	0.11015625
187003.584	0.11015625
187006.896	0.11015625
187012.944	0.11015625
187020	0.11015625
187023.6	0.11015625
187028.928	0.11015625
187038	0.11015625
187053.984	0.11015625
187080.48	0.11015625
187088.832	0.11015625
187095.312	0.11015625
187099.632	0.11015625
187106.976	0.11015625
187119.216	0.11015625
187139.52	0.110416667
187142.256	0.110416667
187146.288	0.110416667
187153.056	0.110416667
187165.152	0.110416667
187186.896	0.110416667
187201.728	0.110416667
187205.472	0.110416667
187212.096	0.110416667
187223.184	0.110416667
187240.608	0.110416667
187262.64	0.110416667
187266.24	0.110416667
187272.144	0.110416667
187281.936	0.110416667
187299.504	0.110416667
187319.52	0.110416667
187322.832	0.110416667
187327.872	0.110416667
187336.368	0.110416667
187350.192	0.110416667
187380	0.110416667
187391.376	0.110416667
187403.616	0.110416667
187412.4	0.110416667
187416.432	0.110416667
187423.632	0.110416667
187434.864	0.110416667
187442.64	0.110416667
187447.68	0.110416667
187456.176	0.110416667
187469.856	0.110416667
187499.52	0.110416667
187512.912	0.110416667
187520.112	0.110416667
187532.064	0.110416667
187544.448	0.110416667
187549.344	0.110677083
187560	0.110677083
187564.032	0.110677083
187570.08	0.110677083
187580.304	0.110677083
187599.024	0.110677083
187620.48	0.110677083
187628.832	0.110677083
187639.056	0.110677083
187657.92	0.110677083
187679.52	0.110677083
187679.808	0.110677083
187680.24	0.110677083
187680.96	0.110677083
187682.256	0.110677083
187684.272	0.110677083
187687.728	0.110677083
187693.776	0.110677083
187704	0.110677083
187720.848	0.110677083
187740	0.110677083
187740.288	0.110677083
187740.576	0.110677083
187741.008	0.110677083
187741.872	0.110677083
187743.312	0.110677083
187745.76	0.110677083
187749.936	0.110677083
187756.992	0.110677083
187768.8	0.110677083
187788.528	0.110677083
187801.056	0.110677083
187802.352	0.110677083
187804.368	0.110677083
187807.968	0.110677083
187814.016	0.110677083
187824.528	0.110677083
187840.8	0.110677083
187860.096	0.110677083
187860.96	0.110677083
187862.544	0.110677083
187865.136	0.110677083
187869.456	0.110677083
187874.064	0.110677083
187877.232	0.110677083
187882.56	0.110677083
187892.352	0.110677083
187909.632	0.110677083
187920.432	0.110677083
187921.152	0.110677083
187922.448	0.110677083
187924.464	0.110677083
187927.92	0.110677083
187930.8	0.110677083
187931.52	0.110677083
187932.528	0.110677083
187934.112	0.110677083
187936.992	0.110677083
187941.888	0.110677083
187949.808	0.110677083
187964.064	0.110677083
187980.48	0.110677083
187980.912	0.110677083
187981.344	0.110677083
187982.352	0.110677083
187983.936	0.110677083
187985.52	0.110677083
187986.24	0.110677083
187987.68	0.110677083
187989.984	0.110677083
187993.728	0.110677083
188000.352	0.110677083
188010.864	0.110677083
188028.864	0.1109375
188039.664	0.1109375
188040.096	0.1109375
188040.816	0.1109375
188042.112	0.1109375
188044.128	0.1109375
188047.728	0.1109375
188053.632	0.1109375
188064	0.1109375
188080.704	0.1109375
188100	0.1109375
188100.432	0.1109375
188101.152	0.1109375
188102.448	0.1109375
188104.464	0.1109375
188107.92	0.1109375
188113.824	0.1109375
188124.192	0.1109375
188141.184	0.1109375
188160.48	0.1109375
188160.912	0.1109375
188161.344	0.1109375
188162.352	0.1109375
188163.936	0.1109375
188164.512	0.1109375
188165.376	0.1109375
188166.672	0.1109375
188168.976	0.1109375
188172.72	0.1109375
188179.344	0.1109375
188190.144	0.1109375
188208.576	0.1109375
188219.664	0.1109375
188220.096	0.1109375
188220.816	0.1109375
188222.112	0.1109375
188224.128	0.1109375
188227.728	0.1109375
188233.632	0.1109375
188244	0.1109375
188260.704	0.1109375
188280	0.111197917
188280.288	0.111197917
188280.72	0.111197917
188281.44	0.111197917
188282.448	0.111197917
188284.32	0.111197917
188285.904	0.111197917
188286.336	0.111197917
188286.768	0.111197917
188287.776	0.111197917
188289.36	0.111197917
188291.952	0.111197917
188296.416	0.111197917
188303.76	0.111197917
188316.864	0.111197917
188340.48	0.111197917
188340.768	0.111197917
188341.2	0.111197917
188341.776	0.111197917
188342.928	0.111197917
188344.8	0.111197917
188347.824	0.111197917
188353.152	0.111197917
188362.224	0.111197917
188376.192	0.111197917
188399.52	0.111197917
188399.808	0.111197917
188400.24	0.111197917
188400.96	0.111197917
188401.968	0.111197917
188403.84	0.111197917
188407.008	0.111197917
188412.48	0.111197917
188421.84	0.111197917
188436.096	0.111197917
188460	0.111197917
188460.432	0.111197917
188460.864	0.111197917
188461.872	0.111197917
188463.456	0.111197917
188466.192	0.111458333
188470.656	0.111458333
188478.432	0.111458333
188491.68	0.111458333
188510.832	0.111458333
188520.624	0.111458333
188520.912	0.111458333
188521.488	0.111458333
188522.352	0.111458333
188523.648	0.111458333
188526.096	0.111458333
188530.128	0.111458333
188537.04	0.111458333
188548.56	0.111458333
188567.856	0.111458333
188579.664	0.111458333
188580.096	0.111458333
188580.672	0.111458333
188581.536	0.111458333
188583.12	0.111458333
188584.272	0.111458333
188584.56	0.111458333
188584.992	0.111458333
188585.856	0.111458333
188587.296	0.111458333
188589.456	0.111458333
188591.472	0.111458333
188592.336	0.111458333
188594.064	0.111458333
188595.072	0.111458333
188595.36	0.111458333
188595.936	0.111458333
188596.8	0.111458333
188598.24	0.111458333
188598.528	0.111458333
188598.96	0.111458333
188599.824	0.111458333
188601.12	0.111458333
188603.424	0.111458333
188607.168	0.111458333
188613.792	0.111458333
188623.584	0.111458333
188640	0.11171875
188640.288	0.11171875
188640.576	0.11171875
188641.008	0.11171875
188641.872	0.11171875
188643.312	0.11171875
188645.76	0.11171875
188649.936	0.11171875
188656.992	0.11171875
188668.944	0.11171875
188688.96	0.11171875
188722.8	0.11171875
188772.624	0.11171875
188837.424	0.11171875
188921.52	0.11171875
189047.376	0.111979167
189214.704	0.111979167
189420.768	0.111979167
189618.48	0.111979167
189926.208	0.11171875
190320.336	0.111458333
191035.296	0.110677083
192238.272	0.109114583
193680	0.106510417
195120	0.103645833
196560	0.10078125
198720	0.094791667
200639.952	0.090625
202560.048	0.086979167
204480	0.083854167
207360	0.075260417
210240	0.071875
213120	0.069010417
216000	0.06640625
218880	0.064322917
221760	0.062239583
224640	0.059895833
227520	0.058072917
230400	0.05625
233280	0.054947917
236160	0.053645833
239040	0.052604167
241920	0.051302083
244800	0.050520833
247680	0.049479167
250560	0.0484375
253440	0.04765625
256320	0.046875
259200	0.045833333
262080	0.045052083
264960	0.044270833
267840	0.043489583
270720	0.04296875
273600	0.0421875
276480	0.041666667
279360	0.041145833
282240	0.040625
285120	0.040104167
288000	0.039583333
290880	0.0390625
293760	0.038541667
296640	0.038020833
299520	0.0375
302400	0.036979167
305280	0.036458333
308160	0.036197917
311040	0.035677083
313920	0.035416667
316800	0.034895833
319680	0.034635417
322560	0.034375
325440	0.033854167
328320	0.03359375
331200	0.033333333
334080	0.033072917
336960	0.032552083
339840	0.032291667
342720	0.03203125
345600	0.031770833
348480	0.03125
351360	0.030989583
354240	0.030729167
357120	0.03046875
360000	0.030208333
362880	0.029947917
365760	0.0296875
368640	0.029427083
371520	0.029166667
374400	0.029166667
377280	0.02890625
380160	0.028645833
383040	0.028385417
385920	0.028125
388800	0.027864583
391680	0.027604167
394560	0.02734375
397440	0.02734375
400320	0.027083333
403200	0.026822917
406080	0.0265625
408960	0.026302083
411840	0.026302083
414720	0.026041667
417600	0.025885417
420480	0.025703125
423360	0.025546875
426240	0.025364583
429120	0.025182292
432000	0.025026042
434880	0.02484375
437760	0.024661458
440640	0.024505208
443520	0.024322917
446400	0.024166667
449280	0.024010417
452160	0.023828125
455040	0.023697917
457920	0.023541667
460800	0.023385417
463680	0.023229167
466560	0.023098958
469440	0.022942708
472320	0.0228125
475200	0.02265625
478080	0.022526042
480960	0.022369792
483840	0.022239583
486720	0.022083333
489600	0.021953125
492480	0.021796875
495360	0.021666667
498240	0.021536458
501120	0.02140625
504000	0.021276042
506880	0.021145833
509760	0.021015625
512640	0.020911458
515520	0.02078125
518400	0.020651042
521280	0.020546875
524160	0.020416667
527040	0.020286458
529920	0.020182292
532800	0.020052083
535680	0.019947917
538560	0.019817708
541440	0.0196875
544320	0.019583333
547200	0.019479167
550080	0.019348958
552960	0.019244792
555840	0.019140625
558720	0.019036458
561600	0.018932292
564480	0.018828125
567360	0.018723958
570240	0.018619792
573120	0.018515625
576000	0.018411458
578880	0.018307292
581760	0.018203125
584640	0.018098958
587520	0.017994792
590400	0.017890625
593280	0.0178125
596160	0.017708333
599040	0.017630208
601920	0.017526042
604800	0.017421875
607680	0.01734375
610560	0.017239583
613440	0.017161458
616320	0.017083333
619200	0.016979167
622080	0.016901042
624960	0.016796875
627840	0.01671875
630720	0.016640625
633600	0.016536458
636480	0.016458333
639360	0.016380208
642240	0.016302083
645120	0.016223958
648000	0.016145833
650880	0.016067708
653760	0.015963542
656640	0.015885417
659520	0.015807292
662400	0.015729167
665280	0.015625
668160	0.015546875
671040	0.01546875
673920	0.015390625
676800	0.0153125
679680	0.015260417
682560	0.015182292
685440	0.015104167
688320	0.015026042
691200	0.014973958
694080	0.014895833
696960	0.014817708
699840	0.014765625
702720	0.0146875
705600	0.014609375
708480	0.014557292
711360	0.014479167
714240	0.014427083
717120	0.014348958
720000	0.014296875
722880	0.014244792
725760	0.014166667
728640	0.014114583
731520	0.0140625
734400	0.013984375
737280	0.013932292
740160	0.013880208
743040	0.013802083
745920	0.01375
748800	0.013697917
751680	0.013619792
754560	0.013567708
757440	0.013515625
760320	0.013463542
763200	0.013411458
766080	0.013333333
768960	0.01328125
771840	0.013229167
774720	0.013177083
777600	0.013125
780480	0.013072917
783360	0.013020833
786240	0.01296875
789120	0.012916667
792000	0.012864583
794880	0.0128125
797760	0.012760417
800640	0.012708333
803520	0.01265625
806400	0.012604167
809280	0.012552083
812160	0.0125
815040	0.012447917
817920	0.012395833
820800	0.01234375
823680	0.012317708
826560	0.012265625
829440	0.012213542
832320	0.012161458
835200	0.012109375
838080	0.012057292
840960	0.01203125
843840	0.011979167
846720	0.011927083
849600	0.011875
852480	0.011848958
855360	0.011796875
858240	0.011744792
861120	0.011692708
864000	0.011666667
866880	0.011614583
869760	0.0115625
872640	0.011536458
875520	0.011484375
878400	0.011432292
881280	0.011380208
884160	0.011354167
887040	0.011276042
889920	0.011223958
892800	0.011145833
895680	0.011067708
898560	0.011015625
901440	0.010963542
904320	0.010911458
907200	0.010859375
910080	0.010807292
912960	0.010755208
915840	0.010703125
918720	0.010651042
921600	0.010625
924480	0.010572917
927360	0.010520833
930240	0.01046875
933120	0.010442708
936000	0.010390625
938880	0.010364583
941760	0.0103125
944640	0.010286458
947520	0.010234375
950400	0.010208333
953280	0.01015625
956160	0.010130208
959040	0.010078125
961920	0.010052083
964800	0.01
967680	0.009973958
970560	0.009921875
973440	0.009895833
976320	0.00984375
979200	0.009817708
982080	0.009791667
984960	0.009739583
987840	0.009713542
990720	0.0096875
993600	0.009635417
996480	0.009609375
999360	0.009557292
1002240	0.00953125
1005120	0.009505208
1008000	0.009453125
1010880	0.009427083
1013760	0.009401042
1016640	0.009375
1019520	0.009322917
1022400	0.009296875
1025280	0.009270833
1028160	0.00921875
1031040	0.009192708
1033920	0.009166667
1036800	0.009140625
1039680	0.009088542
1042560	0.0090625
1045440	0.009036458
1048320	0.009010417
1051200	0.008958333
1054080	0.008932292
1056960	0.00890625
1059840	0.008880208
1062720	0.008854167
1065600	0.008802083
1068480	0.008776042
1071360	0.00875
1074240	0.008723958
1077120	0.008697917
1080000	0.008671875
1082880	0.008619792
1085760	0.00859375
1088640	0.008567708
1091520	0.008541667
1094400	0.008515625
1097280	0.008489583
1100160	0.008463542
1103040	0.0084375
1105920	0.008385417
1108800	0.008359375
1111680	0.008333333
1114560	0.008307292
1117440	0.00828125
1120320	0.008255208
1123200	0.008229167
1126080	0.008203125
1128960	0.008177083
1131840	0.008151042
1134720	0.008125
1137600	0.008098958
1140480	0.008072917
1143360	0.008046875
1146240	0.007994792
1149120	0.00796875
1152000	0.007942708
