3128	
0.288	0
0.864	0
1.872	0
3.456	0
6.192	0
10.656	0
18.432	0
31.392	0
53.568	0
90.72	0
153.648	0
260.064	0
362.304	0
421.2	0
434.88	0
446.688	0
452.304	0
457.056	0
461.088	0
463.104	0
464.688	0
466.272	0
467.856	0
469.584	0
471.168	0
472.32	0
473.472	0
474.48	0
475.632	0
476.784	0
477.648	0
478.512	0
479.52	0
480.672	0
482.112	0
483.408	0
484.56	0
485.424	0
486.432	0
487.296	0
488.16	0
489.024	0
489.888	0
490.752	0
491.76	0
492.768	0
493.776	0
494.784	0
495.792	0
497.088	0
497.952	0
498.96	0
499.824	0
500.832	0
501.696	0
502.56	0
503.712	0
505.152	0
506.304	0
506.88	0
507.456	0
508.032	0
508.32	0
508.896	0
509.328	0
509.904	0
510.192	0
510.624	0
510.912	0
511.344	0
511.776	0
512.208	0
512.64	0
513.216	0
514.08	0
514.944	0
515.952	0
516.672	0
517.248	0
517.968	0
518.688	0
519.408	0
519.984	0
520.704	0
521.136	0
521.712	0
522.144	0
522.576	0
523.008	0
523.584	0
524.016	0
524.448	0
524.88	0
525.456	0
526.176	0
526.896	0
527.616	0
528.336	0
529.056	0
529.776	0
530.496	0
531.36	0
532.08	0
532.8	0
533.376	0
533.952	0
534.384	0
534.96	0
535.536	0
536.112	0
536.544	0
537.264	0
537.84	0
538.272	0
538.704	0
539.136	0
539.568	0
540.144	0
540.576	0
540.864	0
541.296	0
541.872	0
542.448	0
543.168	0
543.744	0
544.32	0
544.752	0
545.328	0
545.76	0
546.192	0
546.624	0
547.056	0
547.488	0
548.064	0
548.496	0
548.928	0
549.648	0
550.224	0
550.8	0
551.376	0
551.952	0
552.528	0
553.104	0
553.536	0
553.968	0
554.544	0
554.976	0
555.552	0
556.128	0
556.704	0
557.136	0
557.712	0
558.288	0
558.864	0
559.584	0
560.304	0
561.024	0
561.6	0
562.032	0
562.608	0
563.04	0
563.616	0
564.048	0
564.48	0
565.056	0
565.632	0
566.352	0
567.072	0
567.792	0
568.656	0
569.52	0
570.384	0
571.248	0
571.968	0
572.832	0
573.696	0
574.56	0
575.28	0
576.144	0
577.008	0
577.872	0
579.024	0
580.032	0
581.184	0
582.192	0
583.344	0
584.352	0
585.648	0
587.088	0
588.672	0
590.4	0
592.272	0
594.144	0
595.872	0
597.456	0
598.608	0
599.76	0
601.2	0
602.784	0
604.08	0
605.088	0
606.096	0
607.248	0
608.112	0
608.832	0
609.552	0
610.416	0
611.568	0
613.152	0
614.736	0
616.176	0
617.328	0
618.48	0
619.488	0
620.64	0
621.936	0
623.52	0
624.96	0
626.4	0
628.128	0
629.712	0
631.872	0
634.176	0
636.48	0
639.072	0
643.536	0
651.024	0
660.672	0
671.616	0
685.872	0
704.448	0
732.096	0
778.896	0
858.096	0
913.248	0
934.128	0
948.672	0
958.464	0
964.08	0
970.416	0
977.616	0
986.688	0
994.176	0
1002.816	0
1013.616	0
1022.4	0
1031.328	0
1040.256	0
1046.448	0
1052.64	0
1056.96	0
1060.56	0
1063.728	0
1066.752	0
1069.776	0
1074.24	0
1080.144	0
1087.92	0
1099.152	0
1110.384	0
1121.76	0
1132.992	0
1142.64	0
1151.712	0
1161.936	0
1172.16	0
1182.528	0
1192.752	0
1198.8	0
1203.84	0
1210.464	0
1216.944	0
1223.568	0
1230.048	0
1235.664	0
1240.128	0
1244.736	0
1250.064	0
1255.968	0
1261.008	0
1265.76	0
1272.096	0
1276.992	0
1284.336	0
1293.984	0
1301.472	0
1310.256	0
1321.488	0
1334.304	0
1343.376	0
1352.304	0
1358.64	0
1364.832	0
1371.168	0
1378.368	0
1389.024	0
1396.368	0
1404.864	0
1416.096	0
1428.624	0
1441.152	0
1449.936	0
1456.128	0
1462.176	0
1468.368	0
1474.56	0
1481.616	0
1491.984	0
1503.936	0
1517.472	0
1526.832	0
1536.336	0
1542.96	0
1551.6	0
1561.392	0
1572.624	0
1583.856	0
1593.36	0
1601.136	0
1609.056	0
1616.832	0
1623.456	0
1627.344	0
1631.232	0
1634.4	0
1636.272	0
1637.568	0
1639.008	0
1640.592	0
1642.608	0
1645.2	0
1648.08	0
1651.392	0
1655.136	0
1658.88	0
1662.624	0
1666.368	0
1671.264	0
1676.16	0
1679.616	0
1681.632	0
1683.36	0
1685.52	0
1687.68	0
1690.56	0
1693.296	0
1696.608	0
1701.36	0
1706.256	0
1711.008	0
1715.76	0
1720.512	0
1723.968	0
1727.28	0
1729.584	0
1731.888	0
1734.624	0
1738.656	0
1743.12	0
1746.72	0
1750.32	0
1754.064	0
1757.664	0
1761.264	0
1764.864	0
1768.464	0
1770.912	0
1773.504	0
1776.384	0
1779.696	0
1783.008	0
1786.176	0
1789.488	0
1792.8	0
1796.112	0.001580729
1799.424	0.001591146
1802.592	0.001651042
1804.896	0.003307292
1807.632	0.003333333
1810.512	0.004244792
1813.536	0.004817708
1816.56	0.006197917
1819.584	0.008072917
1822.464	0.010833333
1825.488	0.029947917
1828.512	0.03671875
1831.824	0.037760417
1834.56	0.038020833
1837.296	0.03828125
1839.888	0.038541667
1842.624	0.038541667
1845.792	0.038541667
1849.392	0.038541667
1852.848	0.038541667
1856.448	0.0390625
1858.896	0.039583333
1861.344	0.039583333
1863.792	0.039583333
1867.104	0.03984375
1870.272	0.03984375
1873.44	0.03984375
1876.752	0.03984375
1879.92	0.03984375
1882.656	0.03984375
1884.96	0.03984375
1887.84	0.040885417
1890.72	0.040885417
1893.6	0.040885417
1896.624	0.040885417
1899.504	0.040885417
1902.384	0.041145833
1905.84	0.041145833
1909.584	0.041145833
1913.472	0.041145833
1916.64	0.041145833
1919.376	0.041145833
1921.968	0.041145833
1924.272	0.041145833
1926.144	0.041145833
1928.016	0.04140625
1929.888	0.04140625
1932.624	0.04140625
1935.792	0.04140625
1938.96	0.041666667
1942.128	0.041927083
1945.296	0.0421875
1949.328	0.042708333
1953.36	0.042708333
1957.536	0.042708333
1961.568	0.042708333
1965.744	0.042708333
1969.776	0.042708333
1975.104	0.042708333
1980.432	0.04296875
1985.76	0.043229167
1991.088	0.043489583
1996.416	0.043489583
2001.744	0.043489583
2007.072	0.043489583
2012.4	0.043489583
2016.144	0.043489583
2021.04	0.043489583
2025.792	0.043489583
2030.688	0.043489583
2034.72	0.043489583
2038.176	0.04375
2041.632	0.04375
2044.944	0.04375
2048.4	0.04375
2050.704	0.04375
2053.152	0.04375
2056.176	0.04375
2059.344	0.04375
2062.8	0.04375
2067.408	0.04375
2075.184	0.04375
2085.408	0.044010417
2100.24	0.044010417
2119.68	0.044010417
2138.976	0.044270833
2158.416	0.044270833
2177.712	0.044270833
2197.152	0.04453125
2213.568	0.04453125
2224.512	0.04453125
2236.752	0.044791667
2252.88	0.044791667
2268.864	0.044791667
2284.992	0.045052083
2300.976	0.045052083
2316.96	0.045052083
2333.088	0.0453125
2344.32	0.0453125
2358.864	0.0453125
2373.408	0.045572917
2385.936	0.045572917
2396.016	0.045572917
2403.216	0.045572917
2412.576	0.045572917
2424.672	0.045833333
2438.496	0.045833333
2454.192	0.045833333
2469.888	0.04609375
2485.584	0.04609375
2501.424	0.04609375
2514.672	0.046354167
2527.344	0.046354167
2541.6	0.046354167
2560.32	0.046614583
2578.896	0.046614583
2597.472	0.046614583
2618.784	0.046875
2642.976	0.046875
2663.568	0.047135417
2680.416	0.047135417
2697.264	0.047135417
2707.344	0.047395833
2715.696	0.047395833
2723.904	0.047395833
2732.256	0.047395833
2743.056	0.047395833
2753.856	0.04765625
2764.512	0.04765625
2773.728	0.04765625
2781.216	0.04765625
2788.848	0.04765625
2795.184	0.04765625
2801.232	0.047916667
2808.144	0.047916667
2816.064	0.047916667
2824.992	0.047916667
2833.92	0.047916667
2843.136	0.047916667
2853.072	0.048177083
2863.872	0.048177083
2874.672	0.048177083
2885.76	0.048177083
2895.696	0.0484375
2901.312	0.0484375
2904.768	0.0484375
2907.504	0.0484375
2911.68	0.0484375
2916.432	0.0484375
2922.48	0.0484375
2928.672	0.048697917
2934.72	0.048697917
2940.912	0.048697917
2946.96	0.048697917
2953.152	0.048697917
2959.2	0.048697917
2965.392	0.048697917
2969.568	0.048958333
2973.312	0.048958333
2976.192	0.048958333
2979.216	0.048958333
2982.528	0.048958333
2986.128	0.048958333
2990.16	0.048958333
2996.208	0.048958333
3002.112	0.048958333
3008.16	0.048958333
3014.208	0.04921875
3020.112	0.04921875
3026.16	0.04921875
3030.336	0.04921875
3035.232	0.04921875
3040.56	0.04921875
3046.032	0.049479167
3049.92	0.049479167
3052.512	0.049479167
3056.544	0.049479167
3061.008	0.049479167
3065.616	0.049479167
3071.52	0.049479167
3079.152	0.049739583
3089.088	0.049739583
3098.88	0.049739583
3108.816	0.049739583
3118.752	0.05
3124.656	0.05
3129.552	0.05
3133.008	0.05
3138.048	0.05
3144.672	0.05
3153.312	0.050260417
3162.96	0.050260417
3172.752	0.050260417
3182.4	0.050260417
3192.192	0.050520833
3201.84	0.050520833
3211.632	0.05078125
3221.28	0.05078125
3231.072	0.05078125
3243.6	0.051041667
3256.272	0.051041667
3266.496	0.051302083
3278.016	0.051302083
3289.536	0.051302083
3300.912	0.0515625
3308.976	0.051822917
3317.04	0.051822917
3327.552	0.052083333
3338.064	0.052604167
3348.432	0.052604167
3358.944	0.052864583
3369.456	0.053125
3379.824	0.053125
3393.504	0.053385417
3407.04	0.05390625
3420.72	0.054166667
3432.24	0.054427083
3441.744	0.0546875
3449.808	0.0546875
3456.576	0.0546875
3465.216	0.0546875
3473.856	0.054947917
3483.792	0.054947917
3496.752	0.055208333
3511.44	0.055208333
3521.664	0.05546875
3530.448	0.05546875
3537.648	0.05546875
3543.696	0.05546875
3549.456	0.055729167
3557.952	0.055729167
3569.04	0.055989583
3579.984	0.055989583
3591.072	0.05625
3602.16	0.056770833
3613.104	0.057291667
3624.192	0.057291667
3635.136	0.057552083
3649.536	0.0578125
3663.936	0.058333333
3678.192	0.058333333
3692.592	0.05859375
3706.992	0.05859375
3719.088	0.058854167
3729.168	0.059114583
3744.144	0.059114583
3766.32	0.059635417
3788.352	0.059895833
3807.072	0.06015625
3822.48	0.060416667
3838.032	0.060677083
3853.44	0.0609375
3871.152	0.06171875
3888.288	0.061979167
3902.256	0.0625
3916.368	0.063020833
3924.72	0.0640625
3931.632	0.064583333
3938.544	0.064583333
3945.456	0.06484375
3952.224	0.065104167
3961.296	0.065625
3972.816	0.066145833
3984.48	0.06640625
3996.144	0.066666667
4011.264	0.0671875
4026.384	0.06796875
4041.504	0.06875
4054.464	0.06953125
4064.976	0.070572917
4072.464	0.071354167
4077.648	0.072916667
4082.832	0.07421875
4088.016	0.076041667
4093.2	0.078645833
4098.384	0.079947917
4103.568	0.080989583
4108.752	0.08125
4114.656	0.08125
4124.736	0.08125
4136.256	0.08125
4149.36	0.08125
4168.512	0.08125
4187.808	0.081510417
4207.104	0.081510417
4226.4	0.081510417
4245.696	0.081510417
4264.992	0.081770833
4284.144	0.081770833
4297.68	0.08203125
4311.216	0.08203125
4324.608	0.08203125
4338.144	0.08203125
4347.648	0.08203125
4354.272	0.08203125
4360.752	0.08203125
4368.384	0.082291667
4379.616	0.082291667
4390.704	0.082291667
4401.936	0.082291667
4414.752	0.082552083
4429.296	0.082552083
4443.84	0.0828125
4458.384	0.0828125
4472.928	0.0828125
4487.328	0.083072917
4499.712	0.083072917
4512.96	0.083333333
4530.096	0.08359375
4542.192	0.08359375
4554.144	0.083854167
4566.24	0.083854167
4578.192	0.084114583
4592.016	0.084114583
4607.712	0.084635417
4623.264	0.084895833
4638.96	0.085416667
4654.512	0.0859375
4670.208	0.086979167
4681.152	0.088020833
4690.512	0.090625
4698.144	0.093229167
4705.776	0.094791667
4714.56	0.094791667
4729.536	0.09453125
4743.792	0.09453125
4755.6	0.09453125
4769.136	0.09453125
4784.4	0.09453125
4799.808	0.09453125
4815.072	0.09453125
4830.336	0.09453125
4842.72	0.094270833
4863.6	0.094270833
4883.616	0.094270833
4900.032	0.094270833
4911.552	0.094270833
4923.072	0.094010417
4936.32	0.094010417
4958.784	0.094010417
4988.016	0.094010417
5020.992	0.09375
5053.968	0.09375
5081.904	0.09375
5104.944	0.093489583
5128.128	0.093489583
5151.168	0.093489583
5174.208	0.093489583
5193.792	0.093229167
5209.92	0.093229167
5230.944	0.093229167
5251.968	0.093229167
5279.184	0.09296875
5306.544	0.09296875
5325.696	0.09296875
5344.704	0.09296875
5363.856	0.09296875
5385.888	0.092708333
5418.144	0.092708333
5460.048	0.092708333
5502.096	0.092447917
5537.808	0.092447917
5558.4	0.092447917
5578.848	0.0921875
5605.632	0.0921875
5632.416	0.0921875
5657.904	0.0921875
5683.392	0.091927083
5702.544	0.091927083
5715.36	0.091927083
5728.032	0.091927083
5738.688	0.091927083
5746.32	0.091927083
5753.232	0.091927083
5760	0.091927083
5766.48	0.091927083
5771.52	0.091927083
5777.424	0.091927083
5784.192	0.091666667
5793.984	0.091666667
5805.36	0.091666667
5818.176	0.091666667
5830.992	0.091666667
5843.952	0.091666667
5856.768	0.091666667
5873.472	0.091666667
5890.032	0.09140625
5906.736	0.09140625
5923.44	0.09140625
5937.696	0.09140625
5952.816	0.09140625
5968.08	0.09140625
5983.2	0.09140625
5998.32	0.09140625
6013.584	0.091145833
6024.24	0.091145833
6034.896	0.091145833
6045.408	0.091145833
6057.648	0.091145833
6071.472	0.091145833
6085.296	0.091145833
6099.12	0.091145833
6117.12	0.090885417
6135.12	0.090885417
6152.976	0.090885417
6170.976	0.090885417
6188.976	0.090885417
6206.976	0.090625
6224.832	0.090625
6248.16	0.090625
6271.632	0.090625
6294.96	0.090625
6318.288	0.090625
6341.616	0.090625
6376.608	0.090364583
6416.064	0.090364583
6455.52	0.090104167
6494.976	0.090104167
6522.624	0.090104167
6550.128	0.090104167
6586.128	0.08984375
6627.456	0.08984375
6674.112	0.08984375
6720.768	0.089583333
6753.456	0.089583333
6776.352	0.089583333
6799.248	0.089583333
6828.912	0.089583333
6873.408	0.089322917
6923.664	0.089322917
6966.432	0.089322917
7001.568	0.0890625
7047.36	0.0890625
7106.832	0.088802083
7172.496	0.088802083
7226.64	0.088541667
7258.752	0.088541667
7285.248	0.088541667
7311.744	0.088541667
7351.488	0.08828125
7418.448	0.08828125
7494.192	0.088020833
7539.264	0.088020833
7576.272	0.088020833
7613.424	0.088020833
7650.576	0.088020833
7693.2	0.087760417
7765.344	0.087760417
7887.168	0.0875
8075.376	0.086979167
8263.584	0.08671875
8451.792	0.086197917
8640	0.0859375
8872.848	0.085416667
9140.544	0.084895833
9488.592	0.084114583
9764.064	0.08359375
10165.392	0.0828125
10616.976	0.08203125
11181.312	0.080989583
11931.408	0.0796875
12857.184	0.078125
14400	0.075520833
16319.952	0.071614583
18240.048	0.06796875
20160	0.0625
21960	0.059895833
24480	0.057552083
27360	0.055208333
30240	0.053385417
33120	0.051822917
36000	0.050260417
38880	0.048697917
41760	0.04765625
44640	0.046614583
47520	0.045572917
50400	0.04453125
53280	0.04375
56160	0.04296875
59040	0.0421875
61920	0.04140625
64800	0.040625
67680	0.039583333
70560	0.0390625
73440	0.03828125
74400.048	0.03828125
75600	0.037760417
77760	0.0375
80640	0.036979167
83520	0.036458333
86400	0.0359375
89280	0.035677083
92160	0.03515625
95040	0.034635417
97920	0.034375
100800	0.033854167
103680	0.03359375
106560	0.033333333
109440	0.0328125
112320	0.032552083
115200	0.032291667
118080	0.03203125
120960	0.031510417
123840	0.03125
126720	0.030729167
129600	0.03046875
132480	0.030208333
135360	0.029947917
138240	0.029427083
141120	0.029166667
144000	0.02890625
144000.288	0.02890625
144000.864	0.02890625
144001.872	0.02890625
144003.456	0.02890625
144006.192	0.02890625
144010.656	0.02890625
144018.432	0.02890625
144031.68	0.02890625
144050.832	0.02890625
144075.312	0.02890625
144119.52	0.02890625
144180	0.02890625
144240.48	0.02890625
144360	0.02890625
144479.52	0.02890625
144600.48	0.02890625
144720	0.02890625
144839.52	0.02890625
144960.48	0.02890625
145080	0.02890625
145199.52	0.02890625
145320.48	0.02890625
145440	0.02890625
145559.52	0.02890625
145680.48	0.02890625
145800	0.02890625
145919.52	0.02890625
146040.48	0.02890625
146160	0.02890625
146279.52	0.02890625
146400.48	0.02890625
146520	0.028645833
146639.52	0.028645833
146760.48	0.028645833
146880	0.028645833
146999.52	0.028645833
147120.48	0.028645833
147240	0.028645833
147359.52	0.028645833
147480.48	0.028645833
147600	0.028645833
147719.52	0.028645833
147840.48	0.028645833
147960	0.028645833
148079.52	0.028645833
148200.48	0.028645833
148320	0.028645833
148439.52	0.028645833
148560.48	0.028645833
148680	0.028645833
148799.52	0.028645833
148920.48	0.028645833
149040	0.028645833
149159.52	0.028645833
149280.48	0.028645833
149400	0.028645833
149519.52	0.028645833
149640.48	0.028645833
149760	0.028385417
149879.52	0.028385417
150000.48	0.028385417
150120	0.028385417
150239.52	0.028385417
150360.48	0.028385417
150480	0.028385417
150599.52	0.028385417
150720.48	0.028385417
150840	0.028385417
150959.52	0.028385417
151080.48	0.028385417
151200	0.028385417
151319.52	0.028385417
151440.48	0.028385417
151560	0.028385417
151679.52	0.028385417
151800.48	0.028385417
151920	0.028385417
152039.52	0.028385417
152160.48	0.028385417
152280	0.028385417
152399.52	0.028385417
152520.48	0.028385417
152640	0.028385417
152759.52	0.028385417
152880.48	0.028385417
153000	0.028385417
153119.52	0.028385417
153180	0.028385417
153240.48	0.028385417
153299.52	0.028385417
153360	0.028385417
153479.52	0.028385417
153600.48	0.028385417
153720	0.028385417
153839.52	0.028385417
153930.24	0.028385417
153990	0.028385417
154049.76	0.028385417
154110.24	0.028385417
154199.52	0.028385417
154320.48	0.028385417
154379.52	0.028385417
154440	0.028385417
154500.48	0.028385417
154620	0.028385417
154739.52	0.028385417
154830.24	0.028385417
154890	0.028385417
154949.76	0.028385417
155040.48	0.028385417
155160	0.028645833
155279.52	0.028645833
155340	0.028645833
155400.48	0.028645833
155459.52	0.028645833
155520	0.028645833
155580.48	0.028645833
155639.52	0.028645833
155760.48	0.028645833
155880	0.028645833
155999.52	0.028645833
156060	0.028645833
156120.48	0.028645833
156179.52	0.028645833
156240	0.02890625
156300.48	0.02890625
156359.52	0.02890625
156420	0.02890625
156460.32	0.02890625
156500.208	0.02890625
156539.52	0.02890625
156579.84	0.02890625
156630.24	0.02890625
156690	0.02890625
156749.76	0.02890625
156810.24	0.02890625
156870	0.02890625
156899.52	0.02890625
156939.84	0.02890625
156980.16	0.029166667
157020.48	0.029166667
157059.792	0.029166667
157099.68	0.029166667
157170.24	0.029166667
157259.52	0.029166667
157320	0.029166667
157353.552	0.029166667
157380.48	0.029166667
157410	0.029427083
157439.52	0.029427083
157469.76	0.029427083
157500	0.029427083
157530.24	0.029427083
157560.48	0.029427083
157599.792	0.029427083
157639.68	0.029427083
157680	0.029427083
157710.24	0.029427083
157740.48	0.029427083
157770	0.029427083
157799.52	0.0296875
157829.76	0.0296875
157880.16	0.0296875
157920.48	0.0296875
157959.792	0.0296875
158009.76	0.0296875
158070.24	0.0296875
158100.48	0.0296875
158139.792	0.029947917
158179.68	0.029947917
158220	0.029947917
158260.32	0.029947917
158310	0.029947917
158369.76	0.029947917
158430.24	0.029947917
158490	0.030208333
158549.76	0.030208333
158610.24	0.030208333
158670	0.030208333
158719.68	0.030208333
158760	0.03046875
158800.32	0.03046875
158840.208	0.03046875
158879.52	0.03046875
158907.744	0.03046875
158940	0.03046875
158980.32	0.03046875
159030	0.030729167
159089.76	0.030729167
159150.24	0.030729167
159210	0.030729167
159269.76	0.030729167
159320.16	0.030989583
159360.48	0.030989583
159399.792	0.030989583
159431.616	0.030989583
159455.808	0.030989583
159495.12	0.030989583
159525.36	0.03125
159552.288	0.03125
159572.88	0.03125
159590.592	0.03125
159608.16	0.03125
159625.44	0.03125
159648.48	0.03125
159670.08	0.03125
159693.552	0.03125
159720.48	0.03125
159733.584	0.03125
159746.688	0.03125
159763.104	0.031510417
159779.52	0.031510417
159796.8	0.031510417
159811.2	0.031510417
159824.592	0.031510417
159840	0.031510417
159857.28	0.031510417
159874.56	0.031510417
159891.84	0.031510417
159900.48	0.031510417
159915.312	0.031510417
159930	0.031510417
159938.496	0.031510417
159944.112	0.031510417
159953.76	0.031510417
159965.136	0.031510417
159976.08	0.031770833
159989.184	0.031770833
160004.592	0.031770833
160020	0.031770833
160035.12	0.031770833
160050.24	0.031770833
160065.36	0.031770833
160080.48	0.031770833
160095.312	0.031770833
160110	0.031770833
160124.688	0.031770833
160139.52	0.031770833
160154.64	0.031770833
160169.76	0.031770833
160188.624	0.03203125
160210.08	0.03203125
160230.24	0.03203125
160250.4	0.03203125
160267.104	0.03203125
160280.208	0.03203125
160293.312	0.03203125
160309.728	0.03203125
160328.16	0.03203125
160345.44	0.03203125
160367.04	0.03203125
160392.096	0.032291667
160416.288	0.032291667
160440.48	0.032291667
160464.096	0.032291667
160487.712	0.032291667
160499.52	0.032291667
160517.664	0.032291667
160545.888	0.032291667
160572.096	0.032291667
160604.352	0.032552083
160640.208	0.032552083
160679.52	0.032552083
160709.76	0.032552083
160740	0.032552083
160768.224	0.0328125
160800.48	0.0328125
160815.312	0.0328125
160830	0.0328125
160844.688	0.0328125
160859.52	0.0328125
160874.64	0.0328125
160889.76	0.0328125
160904.88	0.0328125
160920	0.0328125
160935.12	0.033072917
160953.264	0.033072917
160971.408	0.033072917
160990.272	0.033072917
161010	0.033072917
161029.728	0.033072917
161049.6	0.033072917
161069.76	0.033072917
161089.92	0.033072917
161110.08	0.033333333
161130.24	0.033333333
161150.4	0.033333333
161170.272	0.033333333
161190	0.033333333
161209.728	0.033333333
161231.616	0.033333333
161255.808	0.03359375
161280	0.03359375
161300.16	0.03359375
161320.32	0.03359375
161340.48	0.03359375
161360.208	0.03359375
161379.792	0.03359375
161399.52	0.03359375
161419.68	0.033854167
161446.608	0.033854167
161475.12	0.033854167
161505.36	0.033854167
161535.312	0.033854167
161553.024	0.034114583
161570.592	0.034114583
161591.616	0.034114583
161615.808	0.034114583
161640	0.034114583
161664.192	0.034114583
161688.384	0.034375
161712.288	0.034375
161735.904	0.034375
161759.52	0.034375
161783.712	0.034375
161807.904	0.034635417
161832.096	0.034635417
161862.336	0.034895833
161895.312	0.034895833
161939.52	0.034895833
161979.84	0.03515625
162020.16	0.03515625
162060.48	0.035416667
162090	0.035416667
162119.52	0.035416667
162142.128	0.035416667
162167.328	0.035677083
162195.12	0.035677083
162225.36	0.035677083
162255.312	0.035677083
162284.832	0.0359375
162314.64	0.0359375
162344.88	0.0359375
162360	0.0359375
162384.192	0.036197917
162408.384	0.036197917
162435.312	0.036197917
162464.832	0.036197917
162494.64	0.036458333
162524.88	0.036458333
162555.12	0.036458333
162585.36	0.03671875
162615.312	0.03671875
162644.832	0.03671875
162674.64	0.036979167
162704.88	0.036979167
162735.12	0.036979167
162765.36	0.037239583
162795.312	0.037239583
162824.832	0.037239583
162854.64	0.037239583
162884.88	0.0375
162915.12	0.0375
162945.36	0.0375
162975.312	0.037760417
163004.832	0.037760417
163034.64	0.037760417
163064.88	0.038020833
163092.096	0.038020833
163122.336	0.038020833
163155.312	0.03828125
163199.52	0.03828125
163239.84	0.03828125
163280.16	0.038541667
163320.48	0.038541667
163353.312	0.038802083
163379.52	0.038802083
163419.84	0.038802083
163460.16	0.0390625
163500.48	0.0390625
163539.792	0.039322917
163589.76	0.039322917
163640.16	0.039583333
163680.48	0.039583333
163739.52	0.03984375
163800	0.03984375
163860.48	0.040104167
163919.52	0.040364583
163980	0.040364583
164040.48	0.040625
164099.52	0.040885417
164160	0.040885417
164220.48	0.041145833
164279.52	0.04140625
164319.84	0.04140625
164360.16	0.041666667
164400.48	0.041666667
164439.792	0.041927083
164479.68	0.041927083
164520	0.0421875
164560.32	0.0421875
164600.208	0.042447917
164639.52	0.042447917
164684.88	0.042708333
164715.12	0.042708333
164745.36	0.04296875
164780.208	0.04296875
164819.52	0.043229167
164859.84	0.043229167
164910.24	0.043489583
164970	0.04375
165029.76	0.04375
165090.24	0.044010417
165150	0.044270833
165240	0.04453125
165359.52	0.045052083
165480.48	0.0453125
165600	0.045833333
165719.52	0.046354167
165840.48	0.046614583
165960	0.047135417
166079.52	0.04765625
166200.48	0.048177083
166320	0.048697917
166439.52	0.049479167
166560.48	0.05
166680	0.05078125
166799.52	0.052083333
166920.48	0.053385417
167040	0.05546875
167159.52	0.05859375
167280.48	0.060416667
167400	0.06171875
167519.52	0.062760417
167640.48	0.063802083
167760	0.064583333
167879.52	0.065104167
168000.48	0.065885417
168120	0.06640625
168239.52	0.066927083
168320.16	0.067708333
168360.48	0.067708333
168399.792	0.06796875
168449.76	0.06796875
168510.24	0.068229167
168570	0.068489583
168660	0.06875
168779.52	0.069010417
168900.48	0.06953125
169020	0.069791667
169139.52	0.070052083
169260.48	0.0703125
169380	0.0703125
169499.52	0.070572917
169620.48	0.070833333
169740	0.07109375
169859.52	0.071354167
169980.48	0.071354167
170100	0.071614583
170219.52	0.071875
170340.48	0.071875
170460	0.072135417
170579.52	0.072395833
170700.48	0.072395833
170820	0.072395833
170939.52	0.07265625
171060.48	0.07265625
171180	0.07265625
171299.52	0.072916667
171420.48	0.072916667
171540	0.072916667
171659.52	0.073177083
171780.48	0.073177083
171900	0.073177083
172019.52	0.0734375
172140.48	0.0734375
172260	0.0734375
172379.52	0.0734375
172500.48	0.073697917
172620	0.073697917
172739.52	0.073697917
172860.48	0.073697917
172980	0.073697917
173099.52	0.073697917
173220.48	0.073958333
173340	0.073958333
173459.52	0.073958333
173580.48	0.073958333
173700	0.073958333
173819.52	0.073958333
173940.48	0.073958333
174060	0.073958333
174179.52	0.073958333
174300.48	0.07421875
174420	0.07421875
174539.52	0.07421875
174660.48	0.07421875
174780	0.07421875
174899.52	0.07421875
175020.48	0.07421875
175140	0.07421875
175259.52	0.07421875
175380.48	0.07421875
175500	0.07421875
175619.52	0.07421875
175740.48	0.07421875
175740.768	0.07421875
175741.344	0.07421875
175742.352	0.07421875
175743.936	0.07421875
175746.672	0.07421875
175751.136	0.07421875
175759.056	0.07421875
175771.728	0.07421875
175799.52	0.07421875
175799.808	0.07421875
175800.384	0.07421875
175801.392	0.07421875
175802.976	0.07421875
175805.712	0.07421875
175810.176	0.07421875
175817.952	0.07421875
175831.2	0.07421875
175850.352	0.07421875
175860.144	0.07421875
175860.576	0.07421875
175861.296	0.07421875
175862.592	0.07421875
175864.608	0.07421875
175868.064	0.07421875
175874.112	0.07421875
175884.48	0.07421875
175901.184	0.07421875
175920.48	0.07421875
175920.768	0.07421875
175921.344	0.07421875
175922.352	0.07421875
175923.936	0.07421875
175926.672	0.07421875
175931.136	0.07421875
175939.056	0.07421875
175951.728	0.07421875
175979.52	0.07421875
176017.392	0.07421875
176070.24	0.07421875
176130	0.07421875
176220	0.07421875
176339.52	0.07421875
176460.48	0.07421875
176580	0.07421875
176699.52	0.07421875
176820.48	0.07421875
176940	0.07421875
177059.52	0.07421875
177180.48	0.07421875
177300	0.07421875
177419.52	0.07421875
177540.48	0.07421875
177660	0.07421875
177779.52	0.07421875
177900.48	0.074479167
177939.792	0.074479167
177979.68	0.074479167
178020	0.074479167
178053.552	0.074479167
178080.48	0.074479167
178113.312	0.074479167
178139.52	0.074479167
178166.016	0.074479167
178200	0.074479167
178226.496	0.074479167
178260.48	0.074479167
178299.792	0.074479167
178322.832	0.074739583
178330.608	0.074739583
178343.424	0.074739583
178366.32	0.074739583
178392.096	0.074739583
178410.24	0.074739583
178430.4	0.074739583
178445.376	0.074739583
178453.296	0.074739583
178467.12	0.074739583
178488.72	0.074739583
178504.56	0.074739583
178519.536	0.074739583
178539.84	0.074739583
178565.04	0.074739583
178580.016	0.074739583
178598.88	0.074739583
178625.376	0.074739583
178636.464	0.075
178656.624	0.075
178679.52	0.075
178688.016	0.075
178696.224	0.075
178709.904	0.075
178729.92	0.075
178744.032	0.075
178750.512	0.075
178758.864	0.075
178773.696	0.075
178791.552	0.075
178803.792	0.075
178813.728	0.075
178830.864	0.075
178859.52	0.075260417
178862.832	0.075260417
178867.872	0.075260417
178876.368	0.075260417
178886.16	0.075260417
178902	0.075260417
178920	0.075260417
178928.496	0.075260417
178939.008	0.075260417
178952.112	0.075260417
178980.48	0.075260417
178987.104	0.075260417
178995.6	0.075260417
179008.128	0.075260417
179027.712	0.075260417
179040.816	0.075260417
179044.848	0.075260417
179051.616	0.075520833
179061.408	0.075520833
179074.224	0.075520833
179090.352	0.075520833
179102.88	0.075520833
179107.488	0.075520833
179115.408	0.075520833
179128.944	0.075520833
179149.968	0.075520833
179162.064	0.075520833
179166.96	0.075520833
179175.456	0.075520833
179186.976	0.075520833
179207.28	0.07578125
179220.816	0.07578125
179224.848	0.07578125
179231.616	0.07578125
179242.704	0.07578125
179261.424	0.07578125
179280	0.07578125
179283.312	0.07578125
179288.352	0.07578125
179296.848	0.07578125
179310.672	0.07578125
179330.544	0.07578125
179342.064	0.07578125
179345.952	0.07578125
179352.288	0.07578125
179363.088	0.07578125
179380.08	0.076041667
179401.824	0.076041667
179405.424	0.076041667
179411.472	0.076041667
179421.408	0.076041667
179439.408	0.076041667
179460	0.076041667
179462.736	0.076041667
179466.768	0.076041667
179473.536	0.076041667
179485.632	0.076041667
179507.376	0.076041667
179522.064	0.076041667
179526.96	0.076041667
179535.456	0.076041667
179549.28	0.076302083
179569.44	0.076302083
179582.832	0.076302083
179587.584	0.076302083
179594.64	0.076302083
179606.448	0.076302083
179627.328	0.076302083
179641.296	0.076302083
179644.464	0.076302083
179649.648	0.076302083
179658.72	0.076302083
179672.688	0.0765625
179691.264	0.0765625
179701.776	0.0765625
179703.936	0.0765625
179707.536	0.0765625
179713.44	0.0765625
179724.096	0.0765625
179740.656	0.0765625
179760.816	0.0765625
179763.984	0.0765625
179769.168	0.0765625
179778.24	0.0765625
179793.936	0.0765625
179820	0.076822917
179821.152	0.076822917
179822.736	0.076822917
179825.184	0.076822917
179828.928	0.076822917
179834.4	0.076822917
179841.312	0.076822917
179850.096	0.076822917
179864.208	0.076822917
179880.48	0.076822917
179882.64	0.076822917
179885.52	0.076822917
179890.128	0.077083333
179896.896	0.077083333
179906.688	0.077083333
179923.104	0.077083333
179939.52	0.077083333
179941.392	0.077083333
179943.84	0.077083333
179947.728	0.077083333
179954.496	0.077083333
179966.304	0.077083333
179987.328	0.07734375
180000.576	0.07734375
180001.872	0.07734375
180004.032	0.07734375
180007.2	0.07734375
180010.944	0.07734375
180017.136	0.07734375
180025.056	0.07734375
180038.304	0.07734375
180060.48	0.077604167
180061.344	0.077604167
180062.784	0.077604167
180065.088	0.077604167
180069.12	0.077604167
180076.032	0.077604167
180087.264	0.077604167
180107.424	0.077604167
180120.816	0.077604167
180123.984	0.077604167
180129.168	0.077604167
180138.24	0.077604167
180153.936	0.077864583
180171.36	0.077864583
180180.576	0.077864583
180181.872	0.077864583
180184.032	0.077864583
180187.632	0.077864583
180193.104	0.077864583
180200.16	0.077864583
180210.528	0.077864583
180224.496	0.078125
180240.48	0.078125
180242.352	0.078125
180244.656	0.078125
180248.544	0.078125
180255.024	0.078125
180266.544	0.078125
180287.136	0.078125
180300.672	0.078125
180302.4	0.078125
180305.424	0.078385417
180310.608	0.078385417
180319.536	0.078385417
180334.656	0.078385417
180351.504	0.078385417
180361.728	0.078385417
180364.032	0.078385417
180365.328	0.078385417
180367.2	0.078385417
180370.656	0.078385417
180376.272	0.078385417
180386.064	0.078385417
180402.192	0.078645833
180420.48	0.078645833
180421.344	0.078645833
180422.496	0.078645833
180424.512	0.078645833
180427.824	0.078645833
180433.296	0.078645833
180442.656	0.078645833
180459.792	0.078645833
180479.52	0.07890625
180480.528	0.07890625
180481.68	0.07890625
180483.696	0.07890625
180487.008	0.07890625
180492.624	0.07890625
180502.128	0.07890625
180519.84	0.07890625
180540	0.07890625
180541.008	0.07890625
180542.16	0.07890625
180544.176	0.07890625
180547.488	0.07890625
180553.104	0.07890625
180561.6	0.079166667
180573.84	0.079166667
180600.48	0.079166667
180601.2	0.079166667
180602.208	0.079166667
180603.648	0.079166667
180606.24	0.079166667
180610.704	0.079166667
180618.192	0.079166667
180630.576	0.079166667
180649.872	0.079427083
180660.528	0.079427083
180661.968	0.079427083
180664.704	0.079427083
180669.024	0.079427083
180676.512	0.079427083
180689.616	0.079427083
180709.92	0.0796875
180720.432	0.0796875
180721.44	0.0796875
180723.168	0.0796875
180726.192	0.0796875
180730.512	0.0796875
180736.992	0.0796875
180748.224	0.0796875
180768.384	0.0796875
180781.056	0.079947917
180782.352	0.079947917
180784.368	0.079947917
180787.968	0.079947917
180794.016	0.079947917
180804.528	0.079947917
180818.496	0.079947917
180832.464	0.079947917
180840.672	0.079947917
180842.4	0.079947917
180845.424	0.079947917
180850.608	0.079947917
180859.536	0.080208333
180874.656	0.080208333
180900	0.080208333
180900.72	0.080208333
180901.872	0.080208333
180903.744	0.080208333
180906.912	0.080208333
180912.384	0.080208333
180921.168	0.080208333
180934.272	0.08046875
180951.696	0.08046875
180960.912	0.08046875
180961.632	0.08046875
180962.784	0.08046875
180964.8	0.08046875
180967.824	0.08046875
180972.144	0.08046875
180979.92	0.08046875
180992.304	0.080729167
181005.984	0.080729167
181019.808	0.080729167
181020.816	0.080729167
181022.4	0.080729167
181025.136	0.080729167
181029.744	0.080729167
181035.792	0.080729167
181045.872	0.080729167
181059.552	0.080989583
181080	0.080989583
181080.72	0.080989583
181081.728	0.080989583
181083.312	0.080989583
181085.616	0.080989583
181089.072	0.080989583
181094.976	0.080989583
181105.2	0.080989583
181119.312	0.080989583
181140.48	0.08125
181141.2	0.08125
181142.208	0.08125
181143.648	0.08125
181146.24	0.08125
181150.704	0.08125
181158.192	0.08125
181170.576	0.08125
181183.392	0.08125
181190.88	0.081510417
181199.52	0.081510417
181200.096	0.081510417
181201.104	0.081510417
181202.688	0.081510417
181205.424	0.081510417
181209.456	0.081510417
181215.648	0.081510417
181225.728	0.081510417
181239.408	0.081510417
181260	0.081770833
181260.576	0.081770833
181261.44	0.081770833
181262.736	0.081770833
181265.04	0.081770833
181268.784	0.081770833
181275.12	0.081770833
181285.488	0.081770833
181298.592	0.081770833
181320.48	0.081770833
181321.344	0.081770833
181322.496	0.081770833
181324.512	0.08203125
181327.824	0.08203125
181332.576	0.08203125
181338.768	0.08203125
181348.128	0.08203125
181362.816	0.08203125
181381.248	0.08203125
181382.544	0.08203125
181382.976	0.08203125
181383.552	0.08203125
181384.704	0.08203125
181386.576	0.08203125
181389.744	0.08203125
181395.216	0.082291667
181404.288	0.082291667
181415.52	0.082291667
181430.784	0.082291667
181440.432	0.082291667
181441.152	0.082291667
181442.448	0.082291667
181444.464	0.082291667
181447.92	0.082291667
181453.824	0.082291667
181463.472	0.082552083
181480.752	0.082552083
181500.48	0.082552083
181501.344	0.082552083
181502.64	0.082552083
181504.944	0.082552083
181508.544	0.082552083
181514.88	0.082552083
181525.104	0.082552083
181542.384	0.0828125
181559.52	0.0828125
181560.24	0.0828125
181561.248	0.0828125
181562.832	0.0828125
181565.424	0.0828125
181570.032	0.0828125
181577.664	0.0828125
181588.176	0.0828125
181604.16	0.083072917
181620.432	0.083072917
181621.44	0.083072917
181623.168	0.083072917
181626.192	0.083072917
181631.088	0.083072917
181639.296	0.083072917
181653.984	0.083072917
181680.48	0.083333333
181680.912	0.083333333
181681.632	0.083333333
181682.928	0.083333333
181684.944	0.083333333
181688.112	0.083333333
181689.12	0.083333333
181690.56	0.083333333
181692.864	0.083333333
181696.896	0.083333333
181703.52	0.083333333
181714.896	0.083333333
181731.312	0.083333333
181741.248	0.083333333
181742.832	0.08359375
181743.696	0.08359375
181745.136	0.08359375
181747.44	0.08359375
181751.328	0.08359375
181758.096	0.08359375
181768.896	0.08359375
181788.336	0.08359375
181800.576	0.08359375
181801.44	0.08359375
181803.024	0.08359375
181805.616	0.08359375
181809.936	0.08359375
181815.552	0.083854167
181823.76	0.083854167
181833.264	0.083854167
181846.944	0.083854167
181860.912	0.083854167
181861.92	0.083854167
181863.648	0.083854167
181866.528	0.083854167
181871.28	0.083854167
181879.344	0.084114583
181893.744	0.084114583
181919.52	0.084114583
181919.952	0.084114583
181920.672	0.084114583
181921.968	0.084114583
181923.984	0.084114583
181927.44	0.084114583
181933.344	0.084114583
181943.712	0.084375
181960.704	0.084375
181980	0.084375
181981.008	0.084375
181982.16	0.084375
181984.176	0.084375
181987.488	0.084375
181993.104	0.084375
182002.608	0.084375
182014.56	0.084635417
182031.84	0.084635417
182040.912	0.084635417
182041.632	0.084635417
182042.784	0.084635417
182044.8	0.084635417
182048.256	0.084635417
182054.016	0.084635417
182063.376	0.084635417
182080.224	0.084895833
182099.52	0.084895833
182102.4	0.084895833
182103.264	0.084895833
182104.272	0.084895833
182106.144	0.084895833
182109.168	0.084895833
182114.352	0.084895833
182122.704	0.084895833
182136.672	0.084895833
182160	0.08515625
182161.008	0.08515625
182162.16	0.08515625
182164.176	0.08515625
182167.488	0.08515625
182173.104	0.08515625
182182.608	0.08515625
182200.32	0.08515625
182220.48	0.085416667
182221.056	0.085416667
182221.92	0.085416667
182223.216	0.085416667
182225.376	0.085416667
182228.976	0.085416667
182235.168	0.085416667
182245.392	0.085416667
182258.208	0.085416667
182279.52	0.085677083
182280.384	0.085677083
182281.824	0.085677083
182283.984	0.085677083
182287.872	0.085677083
182294.352	0.085677083
182304.72	0.085677083
182322.432	0.085677083
182340.576	0.0859375
182341.44	0.0859375
182342.592	0.0859375
182344.32	0.0859375
182346.912	0.0859375
182351.232	0.0859375
182358.576	0.0859375
182369.088	0.0859375
182384.784	0.0859375
182401.056	0.086197917
182401.92	0.086197917
182403.36	0.086197917
182405.952	0.086197917
182410.128	0.086197917
182416.464	0.086197917
182424.384	0.086197917
182436.912	0.086197917
182452.032	0.086458333
182459.952	0.086458333
182460.672	0.086458333
182461.968	0.086458333
182463.984	0.086458333
182467.44	0.086458333
182473.344	0.086458333
182479.968	0.086458333
182486.592	0.08671875
182496.672	0.08671875
182512.224	0.08671875
182520.432	0.08671875
182521.296	0.086979167
182522.736	0.086979167
182525.184	0.086979167
182529.216	0.086979167
182535.408	0.086979167
182544.48	0.086979167
182558.88	0.086979167
182573.28	0.087239583
182580.912	0.087239583
182581.632	0.087239583
182582.784	0.087239583
182584.8	0.087239583
182588.256	0.087239583
182594.016	0.087239583
182603.376	0.087239583
182617.776	0.0875
182639.52	0.0875
182641.824	0.0875
182644.272	0.0875
182646.72	0.0875
182649.024	0.0875
182650.032	0.087760417
182651.904	0.087760417
182655.072	0.087760417
182660.544	0.087760417
182668.32	0.087760417
182678.976	0.087760417
182692.944	0.087760417
182701.296	0.088020833
182703.456	0.088020833
182706.624	0.088020833
182708.928	0.088020833
182710.08	0.088020833
182711.952	0.088020833
182715.12	0.088020833
182720.448	0.088020833
182729.664	0.088020833
182741.904	0.088020833
182760.48	0.08828125
182761.344	0.08828125
182762.64	0.08828125
182764.944	0.08828125
182768.544	0.08828125
182774.88	0.08828125
182785.104	0.08828125
182802.384	0.088541667
182819.52	0.088541667
182820.384	0.088541667
182821.824	0.088541667
182824.272	0.088541667
182828.448	0.088541667
182835.36	0.088541667
182847.024	0.088802083
182867.616	0.088802083
182880.576	0.088802083
182881.44	0.088802083
182882.592	0.088802083
182884.608	0.088802083
182887.92	0.088802083
182893.68	0.088802083
182903.184	0.0890625
182918.016	0.0890625
182940.48	0.0890625
182941.344	0.0890625
182942.64	0.0890625
182944.944	0.0890625
182948.544	0.089322917
182953.44	0.089322917
182961.792	0.089322917
182975.904	0.089322917
182999.52	0.089322917
183000.24	0.089583333
183001.392	0.089583333
183003.264	0.089583333
183006.432	0.089583333
183011.904	0.089583333
183018.816	0.089583333
183028.32	0.089583333
183043.008	0.089583333
183060.576	0.08984375
183061.872	0.08984375
183064.032	0.08984375
183067.632	0.08984375
183073.968	0.08984375
183084.624	0.08984375
183101.328	0.08984375
183120.48	0.090104167
183121.344	0.090104167
183122.64	0.090104167
183124.944	0.090104167
183127.248	0.090104167
183128.4	0.090104167
183130.272	0.090104167
183133.44	0.090104167
183138.912	0.090104167
183148.272	0.090104167
183162.816	0.090104167
183180.096	0.090364583
183180.96	0.090364583
183182.544	0.090364583
183185.136	0.090364583
183189.456	0.090364583
183196.8	0.090364583
183207.6	0.090364583
183220.56	0.090625
183240	0.090625
183241.584	0.090625
183243.6	0.090625
183245.328	0.090625
183245.76	0.090625
183246.624	0.090625
183248.064	0.090625
183250.368	0.090625
183252.96	0.090625
183254.112	0.090625
183256.128	0.090625
183259.584	0.090625
183265.488	0.090625
183276	0.090885417
183292.272	0.090885417
183300.912	0.090885417
183301.92	0.090885417
183303.648	0.090885417
183306.528	0.090885417
183310.272	0.090885417
183316.608	0.090885417
183327.696	0.090885417
183343.536	0.091145833
183359.52	0.091145833
183361.824	0.091145833
183364.272	0.091145833
183366.576	0.091145833
183367.584	0.091145833
183369.456	0.091145833
183372.624	0.091145833
183378.096	0.091145833
183387.456	0.09140625
183402.576	0.09140625
183420	0.09140625
183421.008	0.09140625
183422.16	0.09140625
183424.176	0.09140625
183427.488	0.09140625
183433.104	0.09140625
183442.608	0.09140625
183460.32	0.091666667
183480.48	0.091666667
183481.344	0.091666667
183482.496	0.091666667
183484.512	0.091666667
183487.824	0.091666667
183493.296	0.091666667
183502.656	0.091666667
183519.792	0.091927083
183539.52	0.091927083
183540.384	0.091927083
183541.824	0.091927083
183543.984	0.091927083
183546.144	0.091927083
183549.6	0.091927083
183555.504	0.091927083
183565.584	0.0921875
183581.712	0.0921875
183600.576	0.0921875
183601.44	0.0921875
183603.024	0.0921875
183605.616	0.0921875
183609.936	0.0921875
183617.28	0.0921875
183628.08	0.092447917
183641.04	0.092447917
183660.48	0.092447917
183662.64	0.092447917
183665.52	0.092447917
183666.528	0.092447917
183667.968	0.092447917
183670.416	0.092447917
183674.448	0.092447917
183681.216	0.092447917
183692.736	0.092708333
183709.44	0.092708333
183719.952	0.092708333
183720.816	0.092708333
183722.256	0.092708333
183724.704	0.092708333
183728.736	0.092708333
183735.792	0.092708333
183747.312	0.09296875
183767.76	0.09296875
183780.576	0.09296875
183781.44	0.09296875
183783.024	0.09296875
183785.616	0.09296875
183789.936	0.09296875
183797.28	0.09296875
183810.24	0.093229167
183830.4	0.093229167
183841.056	0.093229167
183841.92	0.093229167
183843.36	0.093229167
183845.952	0.093229167
183850.128	0.093229167
183857.328	0.093229167
183870	0.093489583
183889.728	0.093489583
183900.096	0.093489583
183900.96	0.093489583
183902.544	0.093489583
183905.136	0.093489583
183909.456	0.093489583
183916.8	0.093489583
183929.76	0.093489583
183949.92	0.09375
183960.576	0.09375
183961.44	0.09375
183963.024	0.09375
183965.616	0.09375
183969.936	0.09375
183977.28	0.09375
183990.24	0.09375
184010.4	0.094010417
184022.064	0.094010417
184024.8	0.094010417
184028.688	0.094010417
184030.128	0.094010417
184031.856	0.094010417
184034.736	0.094010417
184039.776	0.094010417
184048.704	0.094010417
184063.104	0.094010417
184079.52	0.094270833
184080.528	0.094270833
184081.68	0.094270833
184083.696	0.094270833
184087.008	0.094270833
184092.624	0.094270833
184102.128	0.094270833
184119.84	0.094270833
184140	0.09453125
184141.008	0.09453125
184142.16	0.09453125
184144.176	0.09453125
184147.488	0.09453125
184153.104	0.09453125
184162.608	0.09453125
184180.32	0.09453125
184200.48	0.09453125
184201.344	0.09453125
184202.496	0.09453125
184204.512	0.09453125
184207.824	0.09453125
184210.56	0.094791667
184211.568	0.094791667
184213.296	0.094791667
184216.32	0.094791667
184221.216	0.094791667
184230	0.094791667
184243.824	0.094791667
184260.096	0.094791667
184260.96	0.094791667
184262.544	0.094791667
184265.136	0.094791667
184269.456	0.094791667
184276.8	0.094791667
184289.76	0.095052083
184309.92	0.095052083
184320.576	0.095052083
184321.44	0.095052083
184323.024	0.095052083
184325.616	0.095052083
184329.936	0.095052083
184337.28	0.095052083
184350.24	0.095052083
184370.4	0.0953125
184380.912	0.0953125
184381.92	0.0953125
184383.648	0.0953125
184386.528	0.0953125
184391.28	0.0953125
184399.344	0.0953125
184413.744	0.0953125
184439.52	0.095572917
184442.4	0.095572917
184445.856	0.095572917
184447.296	0.095572917
184449.168	0.095572917
184452.192	0.095572917
184457.376	0.095572917
184466.016	0.095572917
184481.856	0.095572917
184500	0.095833333
184501.008	0.095833333
184502.16	0.095833333
184504.176	0.095833333
184507.488	0.095833333
184513.104	0.095833333
184522.608	0.095833333
184540.32	0.095833333
184560.48	0.095833333
184563.216	0.095833333
184566.672	0.09609375
184568.112	0.09609375
184569.84	0.09609375
184572.864	0.09609375
184577.904	0.09609375
184586.256	0.09609375
184596.768	0.09609375
184619.52	0.09609375
184620.672	0.09609375
184622.256	0.09609375
184625.136	0.09609375
184629.888	0.09609375
184638.096	0.096354167
184651.2	0.096354167
184680	0.096354167
184681.152	0.096354167
184682.736	0.096354167
184685.616	0.096354167
184690.368	0.096354167
184698.576	0.096354167
184711.68	0.096614583
184740.48	0.096614583
184741.92	0.096614583
184744.08	0.096614583
184747.824	0.096614583
184754.016	0.096614583
184764.384	0.096614583
184780.8	0.096614583
184799.952	0.096875
184800.96	0.096875
184802.688	0.096875
184805.712	0.096875
184810.608	0.096875
184812.768	0.096875
184815.216	0.096875
184819.536	0.096875
184826.88	0.096875
184839.264	0.096875
184860	0.097135417
184860.864	0.097135417
184862.304	0.097135417
184864.464	0.097135417
184868.352	0.097135417
184871.52	0.097135417
184872.528	0.097135417
184874.112	0.097135417
184876.704	0.097135417
184881.168	0.097135417
184882.032	0.097135417
184883.04	0.097135417
184884.912	0.097135417
184888.08	0.097135417
184891.392	0.097135417
184892.976	0.097135417
184895.712	0.097135417
184900.32	0.097135417
184907.808	0.097135417
184920.48	0.097135417
184922.064	0.097135417
184924.512	0.097135417
184928.688	0.097135417
184930.416	0.097135417
184932.576	0.097135417
184936.176	0.097135417
184942.224	0.097395833
184952.304	0.097395833
184969.296	0.097395833
184979.952	0.097395833
184980.96	0.097395833
184982.688	0.097395833
184985.712	0.097395833
184988.736	0.097395833
184990.896	0.097395833
184994.64	0.097395833
185000.688	0.097395833
185010.912	0.097395833
185029.056	0.09765625
185041.296	0.09765625
185043.456	0.09765625
185047.2	0.09765625
185053.392	0.09765625
185064.048	0.09765625
185081.04	0.09765625
185101.056	0.097916667
185102.352	0.097916667
185104.368	0.097916667
185107.968	0.097916667
185112.432	0.097916667
185117.328	0.097916667
185121.504	0.097916667
185123.088	0.097916667
185125.968	0.097916667
185130.72	0.097916667
185138.496	0.097916667
185151.6	0.097916667
185160.672	0.097916667
185162.4	0.097916667
185165.424	0.097916667
185170.608	0.097916667
185179.536	0.098177083
185194.656	0.098177083
185220	0.098177083
185221.152	0.098177083
185222.736	0.098177083
185225.616	0.098177083
185230.368	0.098177083
185232.384	0.098177083
185234.832	0.098177083
185239.008	0.098177083
185245.92	0.098177083
185258.304	0.0984375
185280.48	0.0984375
185281.632	0.0984375
185283.216	0.0984375
185285.952	0.0984375
185290.704	0.0984375
185298.624	0.0984375
185311.44	0.0984375
185339.52	0.0984375
185342.4	0.098697917
185345.856	0.098697917
185349.6	0.098697917
185352.192	0.098697917
185356.512	0.098697917
185363.712	0.098697917
185376.672	0.098697917
185400	0.098697917
185401.152	0.098697917
185402.736	0.098697917
185405.616	0.098697917
185410.368	0.098697917
185415.408	0.098697917
185418	0.098697917
185422.176	0.098697917
185429.232	0.098958333
185440.896	0.098958333
185460.48	0.098958333
185462.64	0.098958333
185465.52	0.098958333
185470.128	0.098958333
185478.048	0.098958333
185491.152	0.098958333
185519.52	0.09921875
185520.672	0.09921875
185522.256	0.09921875
185525.136	0.09921875
185529.888	0.09921875
185538.096	0.09921875
185551.2	0.09921875
185580	0.09921875
185581.296	0.09921875
185583.456	0.09921875
185587.2	0.09921875
185593.392	0.09921875
185604.192	0.099479167
185621.04	0.099479167
185641.2	0.099479167
185642.928	0.099479167
185645.664	0.099479167
185650.56	0.099479167
185658.624	0.099479167
185671.44	0.099479167
185699.52	0.099739583
185702.4	0.099739583
185705.856	0.099739583
185711.904	0.099739583
185721.696	0.099739583
185739.552	0.099739583
185760	0.099739583
185762.88	0.099739583
185766.336	0.099739583
185772.384	0.099739583
185782.176	0.1
185800.032	0.1
185820.48	0.1
185823.216	0.1
185826.672	0.1
185832.432	0.1
185842.08	0.1
185859.504	0.1
185879.52	0.100260417
185882.4	0.100260417
185885.856	0.100260417
185891.904	0.100260417
185901.696	0.100260417
185919.552	0.100260417
185940	0.100260417
185943.312	0.100260417
185948.352	0.100260417
185956.848	0.100260417
185970.672	0.100520833
186000.48	0.100520833
186004.8	0.100520833
186011.424	0.100520833
186014.592	0.100520833
186019.344	0.100520833
186027.552	0.100520833
186042.384	0.100520833
186059.52	0.10078125
186062.256	0.10078125
186066.288	0.10078125
186073.056	0.10078125
186085.152	0.10078125
186106.896	0.10078125
186121.728	0.10078125
186125.472	0.10078125
186132.096	0.10078125
186143.184	0.10078125
186160.608	0.101041667
186182.64	0.101041667
186187.68	0.101041667
186196.176	0.101041667
186209.856	0.101041667
186239.52	0.101041667
186243.264	0.101041667
186248.016	0.101302083
186255.936	0.101302083
186269.184	0.101302083
186289.776	0.101302083
186301.728	0.101302083
186304.32	0.101302083
186308.928	0.101302083
186316.704	0.101302083
186329.808	0.101302083
186350.256	0.1015625
186362.064	0.1015625
186365.952	0.1015625
186372.288	0.1015625
186383.088	0.1015625
186400.08	0.1015625
186421.824	0.1015625
186426.864	0.1015625
186435.648	0.1015625
186449.616	0.101822917
186480	0.101822917
186485.184	0.101822917
186494.112	0.101822917
186508.656	0.101822917
186528.528	0.101822917
186545.376	0.102083333
186553.296	0.102083333
186561.792	0.102083333
186566.112	0.102083333
186573.744	0.102083333
186585.84	0.102083333
186599.52	0.102083333
186606.432	0.102083333
186611.76	0.102083333
186614.352	0.102083333
186618.96	0.102083333
186626.448	0.102083333
186638.976	0.10234375
186660	0.10234375
186662.736	0.10234375
186666.768	0.10234375
186673.536	0.10234375
186685.632	0.10234375
186707.376	0.10234375
186722.064	0.10234375
186724.8	0.102604167
186729.264	0.102604167
186736.752	0.102604167
186749.568	0.102604167
186769.584	0.102604167
186781.248	0.102604167
186784.992	0.102604167
186791.616	0.102604167
186802.704	0.102604167
186817.536	0.102864583
186840	0.102864583
186842.304	0.102864583
186845.616	0.102864583
186851.232	0.102864583
186861.024	0.102864583
186875.856	0.102864583
186900.48	0.103125
186903.072	0.103125
186906.96	0.103125
186913.728	0.103125
186925.536	0.103125
186946.848	0.103385417
186961.248	0.103385417
186965.136	0.103385417
186971.616	0.103385417
186982.704	0.103385417
187000.128	0.103385417
187022.304	0.103385417
187025.904	0.103645833
187031.952	0.103645833
187041.888	0.103645833
187059.888	0.103645833
187080.48	0.103645833
187083.072	0.103645833
187086.96	0.103645833
187093.728	0.103645833
187101.072	0.103645833
187106.256	0.103645833
187114.896	0.10390625
187130.304	0.10390625
187142.832	0.10390625
187148.304	0.10390625
187157.52	0.10390625
187161.552	0.10390625
187166.448	0.10390625
187175.232	0.10390625
187190.64	0.10390625
187201.152	0.10390625
187204.464	0.10390625
187210.08	0.104166667
187219.44	0.104166667
187234.848	0.104166667
187260.48	0.104166667
187268.832	0.104166667
187277.904	0.104166667
187285.824	0.104166667
187291.872	0.104166667
187302.24	0.104166667
187319.52	0.104427083
187322.112	0.104427083
187326.432	0.104427083
187333.776	0.104427083
187345.728	0.104427083
187367.184	0.104427083
187381.728	0.104427083
187385.616	0.104427083
187392.096	0.104427083
187403.184	0.104427083
187420.608	0.1046875
187442.64	0.1046875
187446.24	0.1046875
187452.144	0.1046875
187461.936	0.1046875
187479.504	0.1046875
187499.52	0.1046875
187502.832	0.1046875
187507.872	0.1046875
187516.368	0.1046875
187530.192	0.1046875
187560	0.104947917
187571.376	0.104947917
187581.168	0.104947917
187590.528	0.104947917
187596.576	0.104947917
187607.808	0.104947917
187620.48	0.104947917
187622.928	0.104947917
187627.248	0.104947917
187634.448	0.104947917
187644.384	0.104947917
187649.136	0.105208333
187656.048	0.105208333
187666.992	0.105208333
187679.664	0.105208333
187679.952	0.105208333
187680.24	0.105208333
187680.96	0.105208333
187682.112	0.105208333
187683.984	0.105208333
187687.152	0.105208333
187692.624	0.105208333
187701.984	0.105208333
187716.24	0.105208333
187740	0.105208333
187740.288	0.105208333
187740.72	0.105208333
187741.44	0.105208333
187742.736	0.105208333
187744.752	0.105208333
187748.208	0.105208333
187754.256	0.105208333
187764.48	0.105208333
187781.328	0.10546875
187800.48	0.10546875
187801.344	0.10546875
187802.496	0.10546875
187804.512	0.10546875
187807.824	0.10546875
187813.296	0.10546875
187822.656	0.10546875
187839.792	0.10546875
187859.52	0.10546875
187860.672	0.10546875
187862.256	0.10546875
187865.136	0.10546875
187869.888	0.10546875
187878.096	0.105729167
187891.2	0.105729167
187920	0.105729167
187921.008	0.105729167
187922.16	0.105729167
187924.176	0.105729167
187927.488	0.105729167
187933.104	0.105729167
187942.608	0.105729167
187960.32	0.105729167
187980.48	0.105989583
187981.344	0.105989583
187982.496	0.105989583
187984.512	0.105989583
187987.824	0.105989583
187993.296	0.105989583
188002.656	0.105989583
188019.792	0.105989583
188039.52	0.105989583
188039.952	0.105989583
188040.672	0.105989583
188041.968	0.105989583
188043.984	0.105989583
188047.44	0.105989583
188053.344	0.105989583
188063.712	0.105989583
188080.704	0.10625
188100	0.10625
188100.432	0.10625
188100.864	0.10625
188101.872	0.10625
188103.456	0.10625
188106.192	0.10625
188110.656	0.10625
188118.432	0.10625
188131.68	0.10625
188150.832	0.10625
188160.624	0.10625
188161.2	0.10625
188162.064	0.10625
188163.648	0.10625
188166.384	0.10625
188170.704	0.10625
188178.336	0.106510417
188191.296	0.106510417
188210.16	0.106510417
188219.664	0.106510417
188220.24	0.106510417
188221.248	0.106510417
188222.832	0.106510417
188225.568	0.106510417
188230.032	0.106510417
188237.808	0.106510417
188251.056	0.106510417
188270.352	0.106510417
188280.144	0.106770833
188280.576	0.106770833
188281.296	0.106770833
188282.592	0.106770833
188284.032	0.106770833
188285.76	0.106770833
188286.336	0.106770833
188287.056	0.106770833
188288.352	0.106770833
188290.512	0.106770833
188294.112	0.106770833
188300.16	0.106770833
188310.528	0.106770833
188329.248	0.106770833
188340.624	0.106770833
188341.056	0.106770833
188341.776	0.106770833
188343.072	0.106770833
188345.088	0.106770833
188348.688	0.106770833
188354.736	0.106770833
188364.96	0.106770833
188381.088	0.10703125
188399.664	0.10703125
188399.952	0.10703125
188400.384	0.10703125
188401.104	0.10703125
188402.112	0.10703125
188403.84	0.10703125
188404.128	0.10703125
188404.56	0.10703125
188405.28	0.10703125
188406.576	0.10703125
188408.88	0.10703125
188412.624	0.10703125
188418.96	0.10703125
188429.616	0.10703125
188448.624	0.10703125
188460.144	0.107291667
188460.432	0.107291667
188461.008	0.107291667
188462.016	0.107291667
188463.744	0.107291667
188466.48	0.107291667
188471.232	0.107291667
188479.296	0.107291667
188492.256	0.107291667
188520.48	0.107291667
188520.768	0.107291667
188521.2	0.107291667
188521.776	0.107291667
188522.928	0.107291667
188524.8	0.107291667
188527.824	0.107291667
188533.152	0.107291667
188542.224	0.107291667
188556.192	0.107552083
188579.52	0.107552083
188579.952	0.107552083
188580.384	0.107552083
188581.392	0.107552083
188582.976	0.107552083
188584.848	0.107552083
188586.288	0.107552083
188587.872	0.107552083
188588.16	0.107552083
188588.448	0.107552083
188589.024	0.107552083
188590.032	0.107552083
188591.76	0.107552083
188594.64	0.107552083
188599.536	0.107552083
188607.744	0.107552083
188622.864	0.107552083
188640	0.1078125
188640.288	0.1078125
188640.576	0.1078125
188641.008	0.1078125
188641.872	0.1078125
188643.312	0.1078125
188645.76	0.1078125
188649.936	0.1078125
188656.992	0.1078125
188668.944	0.1078125
188688.96	0.1078125
188722.8	0.1078125
188766.864	0.1078125
188841.312	0.108072917
188950.752	0.108333333
189114.336	0.10859375
189404.064	0.108854167
189854.64	0.109375
190344.096	0.109635417
190998	0.109635417
191652.048	0.109114583
192175.2	0.10859375
192960	0.107552083
194303.952	0.105729167
195840	0.103125
197759.952	0.1
200160	0.095572917
203040	0.090885417
205920	0.08671875
208800	0.0828125
211680	0.079166667
214560	0.076302083
217440	0.0734375
220320	0.06953125
221919.984	0.067708333
222058.656	0.066927083
222238.944	0.06640625
222508.368	0.065625
222858.72	0.065104167
223320.528	0.064322917
224145.216	0.06328125
225216	0.0625
226752.048	0.061197917
228960	0.059635417
231840	0.058072917
234720	0.056770833
237600	0.055208333
240480	0.054166667
243360	0.052864583
246240	0.051822917
249120	0.051041667
251039.952	0.050260417
252240.048	0.049739583
253440	0.049479167
255240	0.048958333
257760	0.048177083
260640	0.047395833
263520	0.046614583
266400	0.045833333
269280	0.0453125
272160	0.04453125
275040	0.044010417
277920	0.043489583
280800	0.04296875
283680	0.042447917
286560	0.041927083
289440	0.04140625
292320	0.040885417
295200	0.040104167
298080	0.039583333
300960	0.0390625
303840	0.038541667
306720	0.038020833
308319.984	0.037760417
308807.136	0.037760417
309644.496	0.0375
311040	0.0375
312840	0.037239583
315360	0.03671875
318240	0.036458333
321120	0.0359375
324000	0.035677083
326880	0.035416667
329760	0.03515625
332640	0.034635417
335520	0.034375
338400	0.034114583
341280	0.033854167
344160	0.03359375
347040	0.033333333
349920	0.033072917
352800	0.0328125
355680	0.032552083
358560	0.032291667
361440	0.03203125
364320	0.031770833
367200	0.031510417
370080	0.030989583
372960	0.030729167
375840	0.03046875
378720	0.030208333
381600	0.029947917
384480	0.0296875
387360	0.029427083
390240	0.029166667
393120	0.02890625
396000	0.028645833
398880	0.028385417
401760	0.028385417
404640	0.028125
407520	0.027864583
410400	0.027604167
413280	0.027604167
416160	0.02734375
419040	0.027083333
421920	0.027083333
424800	0.026822917
427680	0.0265625
430560	0.026302083
433440	0.026302083
436320	0.026041667
439200	0.025911458
442080	0.025729167
444960	0.025572917
447840	0.025364583
450720	0.02515625
453600	0.024973958
456480	0.024791667
459360	0.024609375
462240	0.024427083
465120	0.024270833
468000	0.024114583
470880	0.023932292
473760	0.023776042
476640	0.023645833
479520	0.023489583
482400	0.023359375
485280	0.023203125
488160	0.023072917
491040	0.022942708
493920	0.022786458
496800	0.02265625
499680	0.022526042
502560	0.022395833
505440	0.022291667
508320	0.022161458
511200	0.02203125
514080	0.021901042
516960	0.021796875
519840	0.021666667
522720	0.021536458
525600	0.02140625
528480	0.02125
531360	0.021119792
534240	0.020989583
537120	0.020885417
540000	0.020755208
542880	0.020625
545760	0.020520833
548640	0.020390625
551520	0.020286458
554400	0.020182292
557280	0.020052083
560160	0.019947917
563040	0.01984375
565920	0.019739583
568800	0.019635417
571680	0.019557292
574560	0.019453125
577440	0.019348958
580320	0.019244792
583200	0.019166667
586080	0.0190625
588960	0.018958333
591840	0.018880208
594720	0.018776042
597600	0.018697917
600480	0.01859375
603360	0.018489583
606240	0.018411458
609120	0.018307292
612000	0.018203125
614880	0.018098958
617760	0.017994792
620640	0.017916667
623520	0.0178125
626400	0.017734375
629280	0.017630208
632160	0.017552083
635040	0.017473958
637920	0.017369792
640800	0.017291667
643680	0.017213542
646560	0.017135417
649440	0.017057292
652320	0.016979167
655200	0.016901042
658080	0.016822917
660960	0.016744792
663840	0.016666667
666720	0.016588542
669600	0.016510417
672480	0.016432292
675360	0.016354167
678240	0.016276042
681120	0.016197917
684000	0.016119792
686880	0.016015625
689760	0.0159375
692640	0.015859375
695520	0.01578125
698400	0.015729167
701280	0.015651042
704160	0.015572917
707040	0.015494792
709920	0.015416667
712800	0.015364583
715680	0.015286458
718560	0.015208333
721440	0.015130208
724320	0.015078125
727200	0.015
730080	0.014947917
732960	0.014869792
735840	0.014817708
738720	0.014739583
741600	0.0146875
744480	0.014609375
747360	0.01453125
750240	0.014479167
753120	0.014401042
756000	0.014348958
758880	0.014270833
761760	0.01421875
764640	0.014140625
767520	0.014088542
770400	0.014010417
773280	0.013958333
776160	0.013880208
779040	0.013828125
781920	0.013776042
784800	0.013697917
787680	0.013645833
790560	0.01359375
793440	0.013541667
796320	0.013463542
799200	0.013411458
802080	0.013359375
804960	0.013307292
807840	0.013255208
810720	0.013203125
813600	0.013125
816480	0.013072917
819360	0.013020833
822240	0.01296875
825120	0.012916667
828000	0.012864583
830880	0.012786458
833760	0.012734375
836640	0.012682292
839520	0.012630208
842400	0.012578125
845280	0.012526042
848160	0.012473958
851040	0.012421875
853920	0.012369792
856800	0.012317708
859680	0.012265625
862560	0.012213542
865440	0.0121875
868320	0.012135417
871200	0.012083333
874080	0.01203125
876960	0.011979167
879840	0.011927083
882720	0.011875
885600	0.011848958
888480	0.011796875
891360	0.011744792
894240	0.011692708
897120	0.011640625
900000	0.011614583
902880	0.0115625
905760	0.011510417
908640	0.011458333
911520	0.011432292
914400	0.011380208
917280	0.011328125
920160	0.011302083
923040	0.01125
925920	0.011197917
928800	0.011171875
931680	0.011119792
934560	0.01109375
937440	0.011041667
940320	0.011015625
943200	0.010963542
946080	0.010911458
948960	0.010885417
951840	0.010833333
954720	0.010807292
957600	0.010755208
960480	0.010729167
963360	0.010677083
966240	0.010651042
969120	0.010598958
972000	0.010572917
974880	0.010520833
977760	0.010494792
980640	0.010442708
983520	0.010416667
986400	0.010390625
989280	0.010338542
992160	0.0103125
995040	0.010260417
997920	0.010234375
1000800	0.010208333
1003680	0.01015625
1006560	0.010130208
1009440	0.010104167
1012320	0.010052083
1015200	0.010026042
1018080	0.01
1020960	0.009947917
1023840	0.009921875
1026720	0.009895833
1029600	0.00984375
1032480	0.009817708
1035360	0.009791667
1038240	0.009739583
1041120	0.009713542
1044000	0.0096875
1046880	0.009661458
1049760	0.009609375
1052640	0.009583333
1055520	0.009557292
1058400	0.00953125
1061280	0.009505208
1064160	0.009453125
1067040	0.009427083
1069920	0.009401042
1072800	0.009375
1075680	0.009348958
1078560	0.009322917
1081440	0.009270833
1084320	0.009244792
1087200	0.00921875
1090080	0.009192708
1092960	0.009166667
1095840	0.009140625
1098720	0.009088542
1101600	0.0090625
1104480	0.009036458
1107360	0.009010417
1110240	0.008984375
1113120	0.008958333
1116000	0.008932292
1118880	0.00890625
1121760	0.008880208
1124640	0.008854167
1127520	0.008802083
1130400	0.008776042
1133280	0.00875
1136160	0.008723958
1139040	0.008697917
1141920	0.008671875
1144800	0.008645833
1147680	0.008619792
1150560	0.00859375
