3499	
0.144	0
0.288	0
0.576	0
0.864	0
1.296	0
1.872	0
2.592	0
3.456	0
4.608	0
6.192	0
8.064	0
10.656	0
14.112	0
18.432	0
24.048	0
31.392	0
41.04	0
53.568	0
69.696	0
90.72	0
118.08	0
153.648	0
199.872	0
260.064	0
338.256	0
392.976	0
405.648	0
411.264	0
418.464	0
425.664	0
430.704	0
434.16	0
436.608	0
438.336	0
439.632	0
440.784	0
441.936	0
443.232	0
444.384	0
445.68	0
446.832	0
447.984	0
449.28	0
450.144	0
451.008	0
451.728	0
452.88	0
453.6	0
454.464	0
455.184	0
455.904	0
456.768	0
457.488	0
458.496	0
459.792	0
461.088	0
462.384	0
463.68	0
464.976	0
466.704	0
468.432	0
470.16	0
472.32	0
474.48	0
476.64	0
478.944	0
481.104	0
483.264	0
485.424	0
487.008	0
488.592	0
490.608	0
493.2	0
495.792	0
498.384	0
500.976	0
502.848	0
504.576	0
505.872	0
507.6	0
509.184	0
510.912	0
512.496	0
514.224	0
515.808	0
517.536	0
519.12	0
520.848	0
522.432	0
524.592	0
527.472	0
530.208	0
533.088	0
535.824	0
538.56	0
541.44	0
544.176	0
547.056	0
549.792	0
553.536	0
557.136	0
559.584	0
561.456	0
563.184	0
565.056	0
567.36	0
569.664	0
571.968	0
573.552	0
575.28	0
576.864	0
578.448	0
580.032	0
581.76	0
583.344	0
584.928	0
586.512	0
588.24	0
589.824	0
591.408	0
593.568	0
595.728	0
597.744	0
599.904	0
602.64	0
606.24	0
609.696	0
613.296	0
616.896	0
621.504	0
626.112	0
632.16	0
636.48	0
640.656	0
646.128	0
651.6	0
658.8	0
665.856	0
673.056	0
682.272	0
691.488	0
700.848	0
710.064	0
719.28	0
731.376	0
739.872	0
748.224	0
756.72	0
765.216	0
773.568	0
782.064	0
790.416	0
796.32	0
802.224	0
810	0
817.632	0
827.568	0
840.528	0
857.376	0
869.184	0
880.992	0
892.8	0
901.152	0
909.36	0
917.712	0
925.92	0
934.128	0
942.48	0
944.352	0
945.648	0
947.088	0
947.952	0
948.96	0
949.68	0
950.256	0
950.688	0
951.12	0
951.264	0
951.408	0
951.552	0
951.696	0
951.84	0
951.984	0
952.128	0
952.416	0
952.704	0
953.136	0
953.568	0
954.288	0
955.296	0
956.448	0
957.888	0
959.904	0
962.496	0
965.088	0
968.544	0
971.856	0
976.176	0
980.64	0
986.256	0
993.744	0
1003.248	0
1015.776	0
1032.048	0
1053.216	0
1067.904	0
1082.736	0
1097.568	0
1112.4	0
1127.088	0
1137.456	0
1150.992	0
1164.384	0
1177.776	0
1187.28	0
1196.64	0
1203.264	0
1209.888	0
1216.512	0
1222.992	0
1229.616	0
1236.24	0
1242.864	0
1249.488	0
1255.968	0
1262.592	0
1271.232	0
1279.728	0
1288.368	0
1296.864	0
1305.504	0
1314	0
1325.232	0
1336.32	0
1350.864	0
1365.264	0
1384.128	0
1402.992	0
1421.856	0
1440.72	0
1459.44	0
1478.304	0
1497.168	0
1516.032	0
1534.752	0
1553.616	0.000924479
1578.096	0.00140625
1602.576	0.002059896
1634.4	0.002838542
1666.224	0.0046875
1698.048	0.006328125
1720.368	0.007213542
1735.92	0.007421875
1751.616	0.008229167
1767.168	0.008932292
1782.72	0.009348958
1798.416	0.009817708
1813.968	0.010052083
1829.52	0.01078125
1849.824	0.011640625
1870.128	0.012838542
1890.432	0.014244792
1910.592	0.016171875
1930.896	0.018463542
1951.2	0.019609375
1965.456	0.021666667
1975.392	0.02375
1982.304	0.02515625
1989.216	0.026302083
1994.112	0.0265625
1999.008	0.027604167
2003.904	0.028125
2010.24	0.028125
2016.432	0.028125
2022.768	0.028385417
2027.232	0.02890625
2031.696	0.030208333
2036.16	0.030989583
2041.92	0.030989583
2045.952	0.030989583
2049.984	0.03125
2054.016	0.03125
2058.048	0.03125
2062.08	0.03125
2066.112	0.031510417
2070.144	0.031510417
2072.88	0.031770833
2074.896	0.03203125
2076.336	0.03203125
2077.632	0.03203125
2079.072	0.03203125
2080.8	0.03203125
2082.672	0.03203125
2084.4	0.032291667
2086.272	0.0328125
2088	0.033072917
2089.872	0.033072917
2091.6	0.033072917
2093.472	0.033072917
2095.2	0.033333333
2097.504	0.033333333
2099.952	0.033333333
2102.976	0.033333333
2106	0.033333333
2109.888	0.033333333
2113.92	0.03359375
2117.808	0.03359375
2121.696	0.033854167
2125.728	0.034114583
2128.464	0.034375
2131.2	0.034375
2133.936	0.034375
2136.816	0.034635417
2139.552	0.034635417
2142.288	0.034635417
2145.024	0.034895833
2147.76	0.034895833
2150.64	0.034895833
2153.376	0.034895833
2155.248	0.034895833
2157.264	0.03515625
2158.56	0.03515625
2160	0.03515625
2161.296	0.035416667
2162.592	0.035416667
2164.032	0.035416667
2165.328	0.035416667
2166.768	0.035416667
2168.064	0.035416667
2169.36	0.035416667
2170.8	0.035677083
2172.096	0.035677083
2173.536	0.0359375
2174.832	0.036197917
2176.128	0.036197917
2177.568	0.036458333
2178.864	0.036458333
2180.592	0.03671875
2182.464	0.03671875
2184.192	0.036979167
2185.92	0.036979167
2187.648	0.0375
2189.52	0.037760417
2191.248	0.037760417
2192.976	0.038020833
2194.704	0.038020833
2196.576	0.03828125
2198.304	0.038541667
2200.032	0.038541667
2201.76	0.0390625
2203.488	0.039322917
2205.36	0.039322917
2207.088	0.039322917
2208.816	0.039583333
2210.544	0.039583333
2212.416	0.03984375
2214.144	0.040364583
2215.872	0.040625
2217.6	0.040625
2219.328	0.040625
2220.624	0.040885417
2221.488	0.040885417
2222.352	0.041145833
2223.216	0.041145833
2224.08	0.041145833
2224.944	0.04140625
2225.808	0.04140625
2226.672	0.04140625
2227.536	0.04140625
2228.688	0.041666667
2229.84	0.041666667
2230.848	0.041666667
2232	0.041666667
2233.152	0.041927083
2234.592	0.041927083
2236.032	0.041927083
2237.472	0.041927083
2238.912	0.041927083
2240.064	0.0421875
2241.36	0.0421875
2242.656	0.0421875
2243.952	0.0421875
2245.248	0.0421875
2246.688	0.0421875
2247.984	0.0421875
2249.28	0.042447917
2250.576	0.042708333
2251.872	0.042708333
2253.312	0.04296875
2254.608	0.04296875
2255.904	0.043229167
2257.2	0.043229167
2258.64	0.043229167
2259.936	0.043229167
2260.8	0.043229167
2261.808	0.043229167
2262.672	0.043229167
2263.68	0.043489583
2264.544	0.043489583
2265.408	0.043489583
2266.416	0.043489583
2267.568	0.043489583
2268.864	0.043489583
2270.016	0.043489583
2271.168	0.043489583
2272.464	0.043489583
2273.616	0.04375
2274.912	0.04375
2276.064	0.04375
2276.928	0.04375
2277.792	0.044010417
2278.368	0.044010417
2278.944	0.044270833
2279.52	0.044270833
2280.096	0.044270833
2280.672	0.044270833
2281.536	0.044270833
2282.256	0.044270833
2282.976	0.044270833
2283.984	0.044270833
2284.992	0.044270833
2285.712	0.044270833
2286.432	0.044270833
2287.152	0.044270833
2287.872	0.044270833
2288.448	0.04453125
2289.024	0.04453125
2289.456	0.04453125
2290.032	0.04453125
2290.464	0.04453125
2291.04	0.04453125
2291.472	0.04453125
2291.904	0.04453125
2292.48	0.04453125
2292.912	0.04453125
2293.488	0.04453125
2293.92	0.04453125
2294.496	0.04453125
2295.216	0.04453125
2295.792	0.04453125
2296.512	0.04453125
2297.088	0.044791667
2297.664	0.044791667
2298.528	0.044791667
2299.392	0.044791667
2300.256	0.044791667
2300.976	0.044791667
2301.84	0.044791667
2302.704	0.044791667
2303.568	0.044791667
2304.288	0.045052083
2305.152	0.045052083
2306.016	0.045052083
2306.88	0.045052083
2307.6	0.045052083
2308.176	0.045052083
2308.896	0.045052083
2309.472	0.045052083
2310.048	0.045052083
2310.624	0.045052083
2311.344	0.045052083
2312.064	0.045052083
2312.784	0.045052083
2313.648	0.0453125
2314.368	0.0453125
2315.088	0.0453125
2315.808	0.0453125
2316.528	0.0453125
2317.392	0.0453125
2318.112	0.0453125
2318.832	0.0453125
2319.552	0.0453125
2320.56	0.0453125
2321.568	0.0453125
2322.576	0.0453125
2323.584	0.0453125
2324.16	0.0453125
2324.736	0.045572917
2325.024	0.045572917
2325.312	0.045572917
2325.744	0.045572917
2326.032	0.045572917
2326.32	0.045572917
2326.752	0.045572917
2327.04	0.045572917
2327.328	0.045572917
2327.76	0.045572917
2328.048	0.045572917
2328.336	0.045572917
2328.768	0.045572917
2329.056	0.045572917
2329.344	0.045572917
2329.776	0.045572917
2330.064	0.045572917
2330.352	0.045572917
2330.784	0.045572917
2331.072	0.045572917
2331.36	0.045572917
2331.792	0.045572917
2332.08	0.045572917
2332.368	0.045572917
2332.8	0.045572917
2333.088	0.045572917
2333.376	0.045572917
2333.52	0.045572917
2333.808	0.045572917
2333.952	0.045572917
2334.096	0.045572917
2334.24	0.045572917
2334.384	0.045572917
2334.528	0.045572917
2334.672	0.045572917
2334.816	0.045572917
2334.96	0.045572917
2335.104	0.045572917
2335.104	0.045572917
2335.248	0.045572917
2335.248	0.045572917
2335.248	0.045572917
2335.392	0.045572917
2335.392	0.045572917
2335.536	0.045572917
2335.536	0.045572917
2335.536	0.045572917
2335.68	0.045572917
2335.68	0.045572917
2335.824	0.045572917
2335.824	0.045572917
2335.824	0.045572917
2335.968	0.045572917
2335.968	0.045572917
2335.968	0.045572917
2336.112	0.045572917
2336.112	0.045572917
2336.112	0.045572917
2336.256	0.045572917
2336.256	0.045572917
2336.4	0.045572917
2336.4	0.045572917
2336.544	0.045572917
2336.688	0.045572917
2336.832	0.045572917
2337.12	0.045572917
2337.408	0.045572917
2337.84	0.045572917
2338.416	0.045572917
2339.136	0.045572917
2340	0.045572917
2341.296	0.045572917
2342.736	0.045572917
2344.896	0.045833333
2347.488	0.045833333
2350.944	0.045833333
2355.264	0.045833333
2361.168	0.045833333
2366.928	0.045833333
2374.416	0.04609375
2381.904	0.04609375
2391.696	0.04609375
2401.488	0.04609375
2411.136	0.046354167
2420.928	0.046354167
2430.72	0.046614583
2440.512	0.046614583
2450.304	0.046875
2457.072	0.046875
2466	0.046875
2477.52	0.047135417
2492.496	0.047135417
2507.616	0.047395833
2527.056	0.04765625
2546.64	0.047916667
2566.224	0.048177083
2579.904	0.0484375
2593.44	0.048697917
2607.12	0.048958333
2616.768	0.04921875
2626.272	0.049479167
2635.92	0.049479167
2645.424	0.049479167
2657.808	0.049739583
2674.08	0.049739583
2685.312	0.05
2696.688	0.05
2711.376	0.050260417
2726.064	0.050260417
2745.36	0.050520833
2764.656	0.05078125
2783.808	0.051041667
2797.632	0.051041667
2811.312	0.051302083
2824.992	0.0515625
2838.816	0.0515625
2852.496	0.051822917
2866.32	0.05234375
2880	0.052864583
2893.392	0.053125
2902.752	0.053385417
2909.376	0.053645833
2915.856	0.053645833
2924.352	0.053645833
2932.992	0.05390625
2941.488	0.05390625
2949.984	0.054166667
2961.072	0.054166667
2972.16	0.054427083
2983.248	0.054947917
2994.336	0.054947917
3008.736	0.055208333
3023.136	0.055208333
3041.856	0.055729167
3060.72	0.05625
3079.44	0.056510417
3103.776	0.05703125
3128.112	0.057291667
3152.448	0.057552083
3176.784	0.057552083
3201.264	0.057552083
3232.944	0.0578125
3273.984	0.058072917
3315.168	0.058333333
3368.736	0.05859375
3422.304	0.058854167
3475.728	0.059114583
3545.424	0.059375
3635.856	0.059895833
3726.288	0.060677083
3789.504	0.061197917
3852.864	0.06171875
3897.216	0.061979167
3941.568	0.061979167
3985.776	0.062239583
4030.128	0.0625
4061.232	0.0625
4092.192	0.0625
4099.392	0.062760417
4106.736	0.062760417
4113.936	0.062760417
4118.976	0.062760417
4122.576	0.062760417
4126.032	0.062760417
4129.632	0.062760417
4133.232	0.062760417
4136.688	0.062760417
4139.28	0.063020833
4141.728	0.063020833
4144.176	0.063020833
4146.624	0.063020833
4149.216	0.063020833
4151.664	0.063020833
4153.392	0.063020833
4155.12	0.063020833
4156.848	0.063020833
4159.152	0.063020833
4161.312	0.063020833
4164.336	0.063020833
4167.216	0.063020833
4169.232	0.063020833
4171.392	0.063020833
4173.408	0.063020833
4175.424	0.063020833
4177.584	0.06328125
4179.6	0.06328125
4181.616	0.06328125
4183.632	0.06328125
4185.792	0.06328125
4187.808	0.06328125
4189.824	0.06328125
4191.84	0.06328125
4194	0.06328125
4196.016	0.06328125
4198.752	0.06328125
4201.344	0.06328125
4204.08	0.06328125
4205.952	0.06328125
4207.248	0.06328125
4208.544	0.06328125
4209.84	0.06328125
4211.136	0.06328125
4212.864	0.06328125
4214.592	0.06328125
4216.32	0.06328125
4217.904	0.06328125
4219.632	0.06328125
4221.36	0.06328125
4223.088	0.06328125
4224.816	0.06328125
4226.544	0.06328125
4228.704	0.06328125
4230.864	0.06328125
4233.168	0.06328125
4235.328	0.06328125
4236.912	0.06328125
4238.496	0.06328125
4239.936	0.06328125
4241.52	0.063541667
4243.104	0.063541667
4244.112	0.063541667
4245.264	0.063541667
4246.272	0.063541667
4247.424	0.063541667
4248.432	0.063541667
4249.584	0.063541667
4250.736	0.063541667
4251.744	0.063541667
4252.896	0.063541667
4253.904	0.063541667
4255.056	0.063541667
4256.064	0.063541667
4257.216	0.063541667
4258.224	0.063802083
4259.376	0.063802083
4260.816	0.063802083
4262.112	0.063802083
4263.552	0.063802083
4264.992	0.063802083
4266.432	0.063802083
4267.872	0.063802083
4269.168	0.063802083
4270.608	0.063802083
4272.048	0.063802083
4273.488	0.063802083
4274.928	0.063802083
4276.224	0.063802083
4277.664	0.063802083
4279.104	0.063802083
4280.544	0.063802083
4282.272	0.063802083
4284.144	0.063802083
4286.016	0.063802083
4287.888	0.063802083
4289.616	0.063802083
4291.488	0.063802083
4293.36	0.063802083
4295.664	0.063802083
4297.392	0.063802083
4298.544	0.063802083
4299.696	0.063802083
4300.848	0.063802083
4301.712	0.063802083
4302.288	0.063802083
4302.864	0.063802083
4303.44	0.063802083
4304.016	0.063802083
4304.592	0.063802083
4305.312	0.063802083
4306.032	0.063802083
4307.04	0.063802083
4308.048	0.063802083
4308.912	0.063802083
4309.92	0.063802083
4310.928	0.063802083
4311.792	0.063802083
4312.8	0.063802083
4314.096	0.063802083
4315.392	0.0640625
4316.544	0.0640625
4317.84	0.0640625
4319.136	0.0640625
4320.288	0.0640625
4321.296	0.0640625
4322.16	0.0640625
4323.024	0.0640625
4323.888	0.0640625
4324.752	0.0640625
4325.616	0.0640625
4326.48	0.0640625
4327.344	0.0640625
4328.208	0.0640625
4329.216	0.0640625
4330.08	0.0640625
4330.944	0.0640625
4331.808	0.0640625
4332.672	0.0640625
4333.536	0.0640625
4334.4	0.0640625
4335.12	0.0640625
4335.696	0.0640625
4336.272	0.0640625
4336.704	0.0640625
4337.136	0.0640625
4337.568	0.0640625
4338.144	0.0640625
4338.864	0.0640625
4339.584	0.0640625
4340.304	0.0640625
4341.024	0.0640625
4341.6	0.0640625
4342.032	0.0640625
4342.752	0.0640625
4343.328	0.0640625
4344.192	0.0640625
4345.056	0.0640625
4345.92	0.0640625
4346.784	0.0640625
4347.648	0.0640625
4348.512	0.0640625
4349.376	0.0640625
4350.24	0.0640625
4351.104	0.0640625
4351.824	0.0640625
4352.112	0.0640625
4352.544	0.0640625
4352.976	0.0640625
4353.408	0.064322917
4353.84	0.064322917
4354.272	0.064322917
4354.848	0.064322917
4355.424	0.064322917
4356	0.064322917
4356.432	0.064322917
4357.008	0.064322917
4357.584	0.064322917
4358.16	0.064322917
4358.88	0.064322917
4359.6	0.064322917
4360.464	0.064322917
4361.472	0.064322917
4362.336	0.064322917
4363.344	0.064322917
4364.208	0.064322917
4365.072	0.064322917
4366.08	0.064322917
4366.944	0.064322917
4367.952	0.064322917
4368.816	0.064322917
4369.824	0.064322917
4370.688	0.064322917
4371.696	0.064322917
4372.56	0.064322917
4373.424	0.064322917
4374.432	0.064322917
4375.584	0.064322917
4376.88	0.064322917
4378.032	0.064322917
4379.184	0.064322917
4380.48	0.064322917
4381.632	0.064322917
4382.928	0.064322917
4384.08	0.064322917
4385.232	0.064322917
4386.096	0.064322917
4386.96	0.064322917
4387.536	0.064322917
4388.112	0.064322917
4388.688	0.064322917
4389.264	0.064583333
4389.984	0.064583333
4390.56	0.064583333
4391.28	0.064583333
4392	0.064583333
4393.008	0.064583333
4394.016	0.064583333
4395.024	0.064583333
4396.032	0.064583333
4397.04	0.064583333
4398.048	0.064583333
4399.056	0.064583333
4400.064	0.064583333
4401.072	0.064583333
4402.08	0.064583333
4403.088	0.064583333
4404.096	0.064583333
4404.96	0.064583333
4405.968	0.064583333
4407.264	0.064583333
4408.56	0.064583333
4409.856	0.064583333
4411.152	0.064583333
4412.592	0.064583333
4413.888	0.064583333
4415.184	0.064583333
4416.48	0.064583333
4417.344	0.064583333
4418.208	0.064583333
4419.36	0.064583333
4420.656	0.064583333
4421.808	0.064583333
4423.248	0.064583333
4424.832	0.064583333
4426.416	0.064583333
4427.856	0.064583333
4429.008	0.064583333
4429.728	0.064583333
4430.448	0.064583333
4431.312	0.064583333
4432.032	0.064583333
4432.752	0.064583333
4433.472	0.064583333
4434.336	0.064583333
4435.056	0.064583333
4435.776	0.064583333
4436.496	0.064583333
4437.216	0.064583333
4438.08	0.064583333
4438.8	0.064583333
4439.52	0.064583333
4440.24	0.064583333
4441.104	0.064583333
4441.536	0.064583333
4442.112	0.064583333
4442.688	0.064583333
4442.976	0.064583333
4443.408	0.064583333
4443.696	0.064583333
4444.128	0.064583333
4444.416	0.06484375
4444.848	0.06484375
4445.136	0.06484375
4445.568	0.06484375
4446	0.06484375
4446.288	0.06484375
4446.72	0.06484375
4447.008	0.06484375
4447.44	0.06484375
4447.728	0.06484375
4448.16	0.06484375
4448.592	0.06484375
4449.168	0.06484375
4449.6	0.06484375
4450.032	0.06484375
4450.608	0.06484375
4451.04	0.06484375
4451.616	0.06484375
4452.336	0.06484375
4453.056	0.06484375
4453.92	0.06484375
4454.784	0.06484375
4455.504	0.06484375
4456.368	0.06484375
4457.088	0.06484375
4458.24	0.06484375
4459.248	0.06484375
4460.688	0.06484375
4461.984	0.06484375
4463.424	0.06484375
4464.72	0.06484375
4466.16	0.06484375
4467.456	0.06484375
4469.184	0.06484375
4471.632	0.06484375
4473.936	0.06484375
4476.816	0.06484375
4479.84	0.06484375
4482.864	0.06484375
4485.888	0.06484375
4488.912	0.06484375
4491.936	0.065104167
4494.96	0.065104167
4498.848	0.065104167
4502.736	0.065104167
4506.624	0.065104167
4509.36	0.065104167
4512.096	0.065104167
4514.832	0.065104167
4518.432	0.065104167
4522.032	0.065104167
4526.64	0.065104167
4531.248	0.065104167
4535.856	0.065104167
4540.464	0.065364583
4545.216	0.065364583
4549.824	0.065364583
4554.432	0.065364583
4559.04	0.065364583
4563.648	0.065364583
4568.256	0.065364583
4572.864	0.065625
4577.472	0.065625
4583.52	0.065625
4589.568	0.065625
4595.616	0.065625
4601.664	0.065625
4607.568	0.065625
4613.616	0.065625
4619.664	0.065885417
4625.712	0.065885417
4631.616	0.065885417
4635.936	0.065885417
4640.112	0.066145833
4644.288	0.066145833
4648.464	0.066145833
4652.784	0.066145833
4658.256	0.066145833
4663.728	0.066145833
4670.784	0.066145833
4677.984	0.06640625
4685.04	0.06640625
4692.096	0.06640625
4699.296	0.06640625
4706.352	0.06640625
4713.552	0.06640625
4722.768	0.066666667
4731.984	0.066666667
4741.2	0.066666667
4750.56	0.066666667
4762.512	0.066666667
4774.608	0.066927083
4786.56	0.0671875
4798.656	0.0671875
4810.608	0.067447917
4822.704	0.067447917
4834.656	0.067447917
4850.352	0.067447917
4865.904	0.067708333
4881.6	0.067708333
4897.296	0.067708333
4912.848	0.06796875
4928.544	0.06796875
4944.096	0.068229167
4959.792	0.068229167
4975.344	0.068489583
4991.04	0.06875
5006.736	0.069010417
5022.288	0.069010417
5037.984	0.069270833
5053.536	0.069270833
5069.232	0.06953125
5084.928	0.069791667
5100.48	0.070052083
5116.176	0.070052083
5131.728	0.070052083
5147.424	0.0703125
5162.976	0.0703125
5178.672	0.0703125
5194.368	0.0703125
5214.672	0.070572917
5234.976	0.070572917
5261.328	0.070833333
5287.824	0.07109375
5306.256	0.07109375
5319.216	0.071354167
5332.176	0.071354167
5345.136	0.071354167
5358.096	0.071614583
5367.168	0.071875
5378.976	0.072135417
5390.784	0.072135417
5402.448	0.072135417
5414.256	0.072395833
5422.464	0.072395833
5433.264	0.07265625
5443.92	0.07265625
5457.888	0.07265625
5471.856	0.072916667
5485.824	0.072916667
5499.792	0.073177083
5513.616	0.073177083
5527.584	0.073177083
5541.552	0.0734375
5551.344	0.0734375
5560.992	0.073697917
5570.784	0.073697917
5580.576	0.073697917
5590.368	0.073958333
5600.016	0.073958333
5609.808	0.07421875
5622.48	0.07421875
5635.152	0.07421875
5647.68	0.074739583
5656.608	0.075
5662.8	0.075
5668.992	0.075260417
5673.312	0.075260417
5676.336	0.075520833
5679.36	0.075520833
5683.392	0.075520833
5687.28	0.075520833
5692.464	0.075520833
5699.232	0.07578125
5706	0.07578125
5714.928	0.07578125
5724	0.07578125
5732.928	0.07578125
5746.464	0.07578125
5760	0.076041667
5771.376	0.076041667
5786.064	0.076041667
5805.072	0.076041667
5824.224	0.076302083
5849.136	0.076302083
5873.904	0.076302083
5906.16	0.0765625
5938.56	0.0765625
5980.464	0.076822917
6009.84	0.076822917
6039.216	0.077083333
6068.592	0.077083333
6089.184	0.07734375
6109.776	0.077604167
6124.176	0.077604167
6138.576	0.077604167
6152.976	0.077604167
6167.376	0.077604167
6181.776	0.077864583
6196.176	0.077864583
6210.576	0.077864583
6229.296	0.077864583
6248.016	0.077864583
6266.736	0.078125
6285.456	0.078125
6304.176	0.078125
6322.896	0.078125
6341.616	0.078125
6360.336	0.078385417
6384.672	0.078385417
6416.352	0.078385417
6448.032	0.078645833
6489.072	0.078645833
6530.256	0.07890625
6571.296	0.079166667
6612.48	0.079427083
6653.664	0.0796875
6707.088	0.080208333
6760.512	0.08046875
6814.08	0.08046875
6867.504	0.080729167
6904.944	0.080729167
6942.384	0.080989583
6979.824	0.080989583
7005.888	0.08125
7032.096	0.08125
7066.224	0.081510417
7100.208	0.081770833
7134.336	0.081770833
7178.544	0.081770833
7222.896	0.08203125
7280.496	0.08203125
7355.232	0.082291667
7430.112	0.082291667
7504.992	0.082552083
7602.192	0.082552083
7699.536	0.083072917
7793.568	0.08359375
7887.6	0.08359375
7981.632	0.083854167
8075.664	0.084375
8146.224	0.084375
8216.784	0.084635417
8287.344	0.084635417
8357.904	0.084895833
8428.32	0.084895833
8498.88	0.08515625
8569.44	0.08515625
8640	0.084895833
8708.112	0.084895833
8776.224	0.084635417
8823.888	0.084375
8885.808	0.084114583
8966.304	0.083854167
9046.944	0.08359375
9127.44	0.083072917
9208.08	0.0828125
9288.576	0.082552083
9369.072	0.082291667
9473.904	0.081770833
9609.984	0.081510417
9786.96	0.080729167
10003.536	0.079947917
10306.8	0.07890625
10711.296	0.077083333
11115.648	0.07578125
11520	0.074739583
12240	0.072916667
12960	0.07109375
13680	0.06953125
14400	0.067708333
15360.048	0.065625
16319.952	0.0640625
17280	0.062239583
18240.048	0.06015625
19199.952	0.05859375
20160	0.057291667
21120.048	0.055989583
22079.952	0.0546875
23040	0.053645833
24480	0.052083333
25920	0.05078125
27360	0.049739583
28800	0.048697917
30240	0.04765625
31680	0.046354167
33120	0.045572917
34560	0.04453125
36000	0.04375
37440	0.04296875
38880	0.042447917
40320	0.041666667
41760	0.041145833
43200	0.040364583
44640	0.03984375
46080	0.039322917
47520	0.038802083
48960	0.03828125
50400	0.037760417
51840	0.037239583
53280	0.036979167
54720	0.036458333
56160	0.0359375
57600	0.035677083
59040	0.03515625
60480	0.034895833
61920	0.034635417
63360	0.034114583
64800	0.033854167
66240	0.03359375
67680	0.033072917
69120	0.0328125
70560	0.032552083
72000	0.032291667
73440	0.03203125
74880	0.031510417
76320	0.03125
77760	0.030989583
79200	0.030729167
80640	0.03046875
82080	0.030208333
83520	0.030208333
84960	0.029947917
86400	0.0296875
87840	0.029427083
89280	0.029166667
90720	0.02890625
92160	0.028645833
93600	0.028645833
95040	0.028385417
96480	0.028125
97920	0.027864583
99360	0.027864583
100800	0.027604167
102240	0.02734375
103680	0.02734375
105120	0.027083333
106560	0.026822917
108000	0.026822917
109440	0.0265625
110880	0.026302083
112320	0.026302083
113760	0.026041667
115200	0.025911458
116640	0.025755208
118080	0.025598958
119520	0.025442708
120960	0.0253125
122400	0.02515625
123840	0.025026042
125280	0.024895833
126720	0.024765625
128160	0.024635417
129600	0.024505208
131040	0.024375
132480	0.024244792
133920	0.024114583
135360	0.023984375
136800	0.023854167
138240	0.02375
139680	0.023619792
141120	0.023489583
142560	0.023385417
144000	0.023255208
144000.144	0.023255208
144000.288	0.023255208
144000.576	0.023255208
144000.864	0.023255208
144001.296	0.023255208
144001.872	0.023255208
144002.592	0.023255208
144003.456	0.023255208
144004.608	0.023255208
144006.192	0.023255208
144008.064	0.023255208
144010.656	0.023255208
144014.112	0.023255208
144018.432	0.023255208
144024.48	0.023255208
144031.68	0.023255208
144041.184	0.023255208
144050.832	0.023255208
144060.48	0.023255208
144075.312	0.023255208
144097.344	0.023255208
144119.52	0.023255208
144149.76	0.023255208
144180	0.023255208
144210.24	0.023255208
144240.48	0.023255208
144299.52	0.023255208
144360	0.023229167
144420.48	0.023229167
144479.52	0.023229167
144540	0.023229167
144600.48	0.023229167
144659.52	0.023203125
144720	0.023203125
144780.48	0.023203125
144839.52	0.023203125
144900	0.023203125
144960.48	0.023203125
145019.52	0.023177083
145080	0.023177083
145140.48	0.023177083
145199.52	0.023177083
145260	0.023177083
145320.48	0.023151042
145379.52	0.023151042
145440	0.023151042
145500.48	0.023151042
145559.52	0.023151042
145620	0.023125
145680.48	0.023125
145739.52	0.023125
145800	0.023125
145860.48	0.023125
145919.52	0.023125
145980	0.023098958
146040.48	0.023098958
146099.52	0.023098958
146160	0.023098958
146220.48	0.023098958
146279.52	0.023098958
146340	0.023072917
146400.48	0.023072917
146459.52	0.023072917
146520	0.023072917
146580.48	0.023072917
146639.52	0.023046875
146700	0.023046875
146760.48	0.023046875
146819.52	0.023046875
146880	0.023046875
146940.48	0.023046875
146999.52	0.023020833
147060	0.023020833
147120.48	0.023020833
147179.52	0.023020833
147240	0.023020833
147300.48	0.023020833
147359.52	0.022994792
147420	0.022994792
147480.48	0.022994792
147539.52	0.022994792
147600	0.022994792
147660.48	0.022994792
147719.52	0.02296875
147780	0.02296875
147840.48	0.02296875
147899.52	0.02296875
147960	0.02296875
148020.48	0.02296875
148079.52	0.022942708
148140	0.022942708
148200.48	0.022942708
148259.52	0.022942708
148320	0.022942708
148380.48	0.022942708
148439.52	0.022942708
148500	0.022916667
148560.48	0.022916667
148619.52	0.022916667
148680	0.022916667
148740.48	0.022916667
148799.52	0.022916667
148860	0.022916667
148920.48	0.022890625
148979.52	0.022890625
149040	0.022890625
149100.48	0.022890625
149159.52	0.022890625
149220	0.022890625
149280.48	0.022890625
149339.52	0.022864583
149400	0.022864583
149460.48	0.022864583
149519.52	0.022864583
149580	0.022864583
149640.48	0.022864583
149699.52	0.022864583
149760	0.022864583
149820.48	0.022864583
149879.52	0.022838542
149940	0.022838542
150000.48	0.022838542
150059.52	0.022838542
150120	0.022838542
150180.48	0.022838542
150239.52	0.022838542
150300	0.022838542
150360.48	0.022838542
150419.52	0.0228125
150480	0.0228125
150540.48	0.0228125
150599.52	0.0228125
150660	0.0228125
150720.48	0.0228125
150779.52	0.0228125
150840	0.0228125
150900.48	0.0228125
150959.52	0.0228125
151020	0.0228125
151080.48	0.0228125
151139.52	0.0228125
151200	0.0228125
151260.48	0.022786458
151319.52	0.022786458
151380	0.022786458
151440.48	0.022786458
151499.52	0.022786458
151560	0.022786458
151620.48	0.022786458
151679.52	0.022786458
151740	0.022786458
151800.48	0.022786458
151859.52	0.022786458
151920	0.022786458
151980.48	0.022786458
152039.52	0.022786458
152100	0.0228125
152160.48	0.0228125
152219.52	0.0228125
152280	0.0228125
152340.48	0.0228125
152399.52	0.0228125
152460	0.0228125
152520.48	0.0228125
152579.52	0.0228125
152640	0.0228125
152700.48	0.022838542
152759.52	0.022838542
152820	0.022838542
152880.48	0.022838542
152939.52	0.022838542
153000	0.022864583
153060.48	0.022864583
153119.52	0.022864583
153180	0.022864583
153240.48	0.022890625
153299.52	0.022890625
153360	0.022890625
153420.48	0.022890625
153479.52	0.022916667
153540	0.022916667
153600.48	0.022916667
153659.52	0.022942708
153720	0.022942708
153780.48	0.02296875
153839.52	0.02296875
153900	0.02296875
153960.48	0.023177083
154019.52	0.023359375
154080	0.023515625
154140.48	0.02390625
154199.52	0.024375
154260	0.02484375
154320.48	0.025364583
154379.52	0.0259375
154440	0.0265625
154500.48	0.02734375
154559.52	0.028125
154620	0.02890625
154680.48	0.029947917
154739.52	0.030989583
154769.76	0.031770833
154800	0.032552083
154815.12	0.033072917
154830.24	0.03359375
154845.36	0.033854167
154860.48	0.034375
154875.312	0.034895833
154886.256	0.03515625
154897.344	0.035416667
154908.432	0.035677083
154919.52	0.0359375
154929.6	0.036197917
154936.8	0.036458333
154944	0.03671875
154951.2	0.036979167
154958.4	0.037239583
154965.6	0.037239583
154972.8	0.0375
154980	0.0375
154986.768	0.037760417
154991.664	0.038020833
154996.56	0.038020833
155001.456	0.03828125
155006.352	0.03828125
155011.248	0.038541667
155017.008	0.038541667
155021.76	0.038802083
155027.952	0.038802083
155034.288	0.0390625
155040.48	0.0390625
155047.824	0.039322917
155055.312	0.039583333
155062.656	0.039583333
155070	0.03984375
155077.344	0.040104167
155084.688	0.040104167
155089.728	0.040364583
155094.624	0.040364583
155099.52	0.040625
155104.848	0.040625
155111.76	0.040885417
155118.672	0.040885417
155126.88	0.041145833
155133.504	0.041145833
155140.128	0.04140625
155150.064	0.041666667
155160	0.041927083
155168.64	0.041927083
155177.28	0.0421875
155185.92	0.0421875
155194.56	0.042447917
155203.2	0.042708333
155211.84	0.04296875
155220.48	0.043229167
155228.976	0.043489583
155237.328	0.043489583
155245.824	0.04375
155254.176	0.044010417
155262.672	0.044270833
155271.024	0.04453125
155279.52	0.04453125
155288.16	0.044791667
155296.8	0.045052083
155307.6	0.0453125
155323.872	0.045572917
155340	0.045833333
155350.08	0.04609375
155360.16	0.046354167
155370.24	0.046614583
155380.32	0.046875
155390.4	0.047135417
155400.48	0.047395833
155407.104	0.047395833
155413.584	0.04765625
155420.208	0.047916667
155426.688	0.047916667
155433.312	0.048177083
155442.096	0.048177083
155450.736	0.0484375
155459.52	0.048697917
155471.616	0.048958333
155483.712	0.04921875
155495.808	0.049479167
155507.904	0.049739583
155520	0.05
155540.16	0.050260417
155560.32	0.05078125
155580.48	0.051302083
155610	0.051822917
155639.52	0.052604167
155669.76	0.053125
155700	0.05390625
155730.24	0.054427083
155760.48	0.055208333
155780.208	0.05546875
155799.792	0.055989583
155819.52	0.056510417
155839.68	0.056770833
155859.84	0.057291667
155880	0.0578125
155900.16	0.058072917
155913.552	0.05859375
155927.088	0.058854167
155940.48	0.059114583
155952.288	0.059375
155961.792	0.059635417
155971.152	0.059895833
155976.912	0.059895833
155982.528	0.06015625
155991.024	0.06015625
155999.52	0.060416667
156007.008	0.060677083
156014.64	0.060677083
156026.016	0.0609375
156037.248	0.061197917
156060	0.06171875
156080.16	0.062239583
156100.32	0.0625
156120.48	0.063020833
156140.208	0.063541667
156159.792	0.0640625
156179.52	0.064583333
156199.68	0.06484375
156213.072	0.065364583
156240	0.065885417
156255.12	0.066145833
156270.24	0.066666667
156285.36	0.066927083
156300.48	0.067447917
156320.208	0.067708333
156339.792	0.068229167
156359.52	0.06875
156379.68	0.069010417
156399.84	0.06953125
156420	0.070052083
156435.12	0.070572917
156450.24	0.070833333
156465.36	0.071354167
156480.48	0.071875
156500.208	0.072395833
156519.792	0.072916667
156539.52	0.0734375
156554.64	0.073958333
156566.016	0.07421875
156577.248	0.074479167
156588.624	0.074739583
156600	0.075
156606.048	0.075260417
156612.096	0.075520833
156618.144	0.075520833
156624.192	0.07578125
156631.392	0.076041667
156638.736	0.076302083
156649.536	0.0765625
156655.008	0.076822917
156660.48	0.076822917
156667.104	0.077083333
156673.584	0.07734375
156678.192	0.07734375
156682.8	0.077604167
156687.408	0.077604167
156692.016	0.077864583
156696.624	0.077864583
156701.088	0.078125
156705.696	0.078125
156710.304	0.078385417
156719.52	0.078645833
156723.84	0.078645833
156728.304	0.07890625
156732.624	0.079166667
156735.648	0.079166667
156739.68	0.079427083
156743.712	0.079427083
156748.896	0.0796875
156754.08	0.079947917
156759.264	0.079947917
156764.448	0.080208333
156769.632	0.08046875
156774.816	0.080729167
156780	0.080729167
156785.184	0.080989583
156790.368	0.08125
156795.408	0.081510417
156800.448	0.081770833
156805.344	0.081770833
156810.384	0.08203125
156815.424	0.082291667
156820.464	0.082291667
156825.504	0.082552083
156830.4	0.0828125
156840.48	0.083333333
156847.104	0.08359375
156853.584	0.083854167
156860.208	0.084114583
156866.688	0.084375
156873.312	0.084635417
156879.792	0.084895833
156886.416	0.08515625
156892.896	0.085416667
156899.52	0.085677083
156906.288	0.086197917
156912.912	0.086458333
156919.68	0.08671875
156926.448	0.086979167
156933.072	0.087239583
156939.84	0.0875
156946.608	0.087760417
156953.232	0.088020833
156960	0.088541667
156966.768	0.0890625
156973.392	0.089322917
156980.16	0.08984375
156986.928	0.090104167
156993.552	0.090625
157000.32	0.090885417
157007.088	0.09140625
157013.712	0.091666667
157020.48	0.0921875
157027.104	0.092447917
157033.584	0.092708333
157040.208	0.09296875
157046.688	0.093229167
157053.312	0.093489583
157057.632	0.094010417
157062.096	0.094270833
157066.416	0.09453125
157070.736	0.094791667
157075.2	0.095052083
157079.52	0.0953125
157084.272	0.095572917
157090.464	0.09609375
157096.656	0.096354167
157102.848	0.096614583
157109.04	0.097135417
157115.232	0.09765625
157121.424	0.097916667
157127.616	0.098177083
157133.808	0.0984375
157140	0.098958333
157146.048	0.099479167
157152.096	0.1
157158.144	0.100260417
157164.192	0.100520833
157170.24	0.10078125
157176.288	0.101041667
157182.336	0.1015625
157188.384	0.101822917
157194.432	0.102083333
157200.48	0.102604167
157208.976	0.103125
157217.328	0.10390625
157225.824	0.104166667
157234.176	0.104427083
157242.672	0.104947917
157248.288	0.105208333
157253.904	0.105208333
157259.52	0.105729167
157264.56	0.105989583
157269.6	0.10625
157274.64	0.106510417
157279.68	0.106770833
157284.72	0.106770833
157291.776	0.10703125
157298.832	0.107552083
157305.888	0.1078125
157312.944	0.108072917
157320	0.108333333
157326.768	0.108333333
157333.392	0.10859375
157340.16	0.108854167
157346.928	0.109114583
157353.552	0.109375
157360.32	0.109635417
157367.088	0.11015625
157373.712	0.110416667
157380.48	0.110416667
157388.976	0.110677083
157397.328	0.111197917
157405.824	0.111458333
157414.176	0.111979167
157422.672	0.112239583
157431.024	0.1125
157439.52	0.112760417
157448.16	0.113020833
157456.8	0.11328125
157465.44	0.113802083
157474.08	0.1140625
157482.72	0.114583333
157488.48	0.114583333
157494.24	0.11484375
157500	0.115104167
157506.048	0.115364583
157512.096	0.115364583
157520.16	0.115625
157528.224	0.115885417
157536.288	0.116145833
157544.352	0.11640625
157552.416	0.116666667
157560.48	0.116927083
157567.824	0.1171875
157575.312	0.117708333
157582.656	0.118229167
157590	0.118489583
157597.344	0.11875
157604.832	0.119010417
157612.176	0.119270833
157619.52	0.11953125
157629.6	0.119791667
157639.68	0.1203125
157649.76	0.120572917
157659.84	0.120833333
157669.92	0.12109375
157680	0.121354167
157690.08	0.121614583
157700.16	0.121875
157710.24	0.121875
157725.36	0.122135417
157740.48	0.12265625
157755.168	0.122916667
157770	0.1234375
157784.832	0.123697917
157799.52	0.123958333
157811.616	0.12421875
157823.712	0.124479167
157835.808	0.124739583
157860	0.125520833
157875.12	0.12578125
157890.24	0.126041667
157905.36	0.126302083
157920.48	0.1265625
157940.208	0.127083333
157959.792	0.127604167
157979.52	0.127864583
157994.64	0.128385417
158009.76	0.12890625
158024.88	0.129166667
158040	0.129427083
158055.12	0.1296875
158070.24	0.129947917
158085.36	0.130208333
158100.48	0.13046875
158120.208	0.130989583
158133.312	0.13125
158146.416	0.131510417
158159.52	0.131510417
158174.64	0.131770833
158189.76	0.13203125
158204.88	0.132291667
158220	0.132552083
158240.16	0.1328125
158260.32	0.133072917
158280.48	0.13359375
158300.208	0.133854167
158319.792	0.134375
158339.52	0.134635417
158359.68	0.13515625
158379.84	0.135416667
158400	0.1359375
158420.16	0.136197917
158440.32	0.13671875
158460.48	0.136979167
158480.208	0.137239583
158499.792	0.1375
158519.52	0.137760417
158539.68	0.13828125
158553.072	0.13828125
158566.608	0.138541667
158580	0.138802083
158595.12	0.1390625
158610.24	0.139322917
158625.36	0.139322917
158640.48	0.139583333
158660.208	0.13984375
158679.792	0.140364583
158699.52	0.140625
158719.68	0.140885417
158739.84	0.140885417
158760	0.141145833
158780.16	0.141666667
158800.32	0.141927083
158810.4	0.1421875
158820.48	0.142447917
158832.288	0.142447917
158844.096	0.142708333
158861.808	0.14296875
158879.52	0.143229167
158894.64	0.143489583
158909.76	0.143489583
158924.88	0.14375
158940	0.144010417
158955.12	0.144010417
158970.24	0.144270833
159000.48	0.14453125
159020.208	0.144791667
159039.792	0.145052083
159059.52	0.1453125
159079.68	0.145572917
159099.84	0.145833333
159120	0.14609375
159140.16	0.146354167
159160.32	0.146614583
159180.48	0.146875
159200.208	0.147135417
159219.792	0.147395833
159239.52	0.14765625
159259.68	0.147916667
159279.84	0.148177083
159300	0.1484375
159310.08	0.148697917
159320.16	0.148958333
159333.552	0.148958333
159347.088	0.14921875
159360.48	0.14921875
159380.208	0.149479167
159399.792	0.149479167
159419.52	0.149739583
159434.64	0.15
159449.76	0.15
159464.88	0.150260417
159480	0.150520833
159500.16	0.150520833
159520.32	0.15078125
159540.48	0.151041667
159560.208	0.151302083
159579.792	0.151302083
159599.52	0.1515625
159629.76	0.151822917
159660	0.152083333
159690.24	0.15234375
159720.48	0.152604167
159750	0.152864583
159779.52	0.153125
159799.68	0.153385417
159819.84	0.153385417
159840	0.153645833
159855.12	0.153645833
159870.24	0.15390625
159885.36	0.15390625
159900.48	0.15390625
159915.168	0.154166667
159924.096	0.154166667
159935.904	0.154166667
159947.712	0.154166667
159959.52	0.154427083
159974.64	0.154427083
159989.76	0.154427083
160020	0.1546875
160040.16	0.154947917
160060.32	0.154947917
160080.48	0.154947917
160100.208	0.155208333
160119.792	0.155208333
160139.52	0.15546875
160169.76	0.15546875
160200	0.155729167
160230.24	0.155729167
160260.48	0.155989583
160290	0.155989583
160319.52	0.15625
160349.76	0.15625
160380	0.156510417
160410.24	0.156770833
160440.48	0.156770833
160470	0.15703125
160499.52	0.15703125
160529.76	0.157291667
160560	0.157291667
160590.24	0.157552083
160620.48	0.157552083
160650	0.1578125
160679.52	0.1578125
160709.76	0.1578125
160740	0.1578125
160770.24	0.1578125
160800.48	0.1578125
160859.52	0.158072917
160920	0.158072917
160980.48	0.158072917
161010	0.158072917
161039.52	0.158072917
161069.76	0.158072917
161100	0.158333333
161130.24	0.158333333
161160.48	0.158333333
161190	0.158333333
161219.52	0.158333333
161249.76	0.158072917
161280	0.158072917
161310.24	0.158072917
161340.48	0.158072917
161399.52	0.158072917
161429.76	0.158072917
161460	0.158072917
161490.24	0.158072917
161520.48	0.158072917
161550	0.158072917
161579.52	0.158072917
161609.76	0.1578125
161640	0.1578125
161670.24	0.1578125
161700.48	0.1578125
161759.52	0.157552083
161820	0.157552083
161880.48	0.157552083
161910	0.157291667
161939.52	0.157291667
162000	0.157291667
162060.48	0.15703125
162119.52	0.15703125
162180	0.156770833
162240.48	0.156510417
162299.52	0.156510417
162360	0.155989583
162420.48	0.155729167
162479.52	0.15546875
162540	0.155208333
162600.48	0.155208333
162659.52	0.154947917
162720	0.1546875
162780.48	0.154427083
162839.52	0.154427083
162900	0.154166667
162960.48	0.15390625
163019.52	0.153645833
163080	0.153645833
163140.48	0.153385417
163199.52	0.153125
163260	0.152864583
163320.48	0.152604167
163379.52	0.15234375
163440	0.152083333
163500.48	0.152083333
163559.52	0.151822917
163620	0.1515625
163680.48	0.151302083
163739.52	0.151041667
163800	0.15078125
163860.48	0.15078125
163919.52	0.150520833
163980	0.15
164040.48	0.149739583
164099.52	0.149479167
164160	0.14921875
164220.48	0.148958333
164279.52	0.1484375
164340	0.1484375
164400.48	0.148177083
164459.52	0.147916667
164520	0.14765625
164580.48	0.147395833
164639.52	0.147135417
164700	0.147135417
164760.48	0.146875
164819.52	0.146614583
164880	0.146354167
164940.48	0.146354167
164999.52	0.14609375
165029.76	0.14609375
165060	0.145833333
165120.48	0.145572917
165179.52	0.145572917
165240	0.1453125
165300.48	0.145052083
165359.52	0.144791667
165420	0.144791667
165480.48	0.14453125
165539.52	0.14453125
165600	0.144270833
165660.48	0.144010417
165719.52	0.144010417
165780	0.14375
165840.48	0.14375
165899.52	0.143489583
165960	0.143229167
166020.48	0.143229167
166079.52	0.14296875
166140	0.14296875
166200.48	0.142708333
166259.52	0.142708333
166320	0.142447917
166380.48	0.1421875
166439.52	0.141927083
166500	0.141927083
166560.48	0.141666667
166619.52	0.141666667
166680	0.14140625
166740.48	0.14140625
166799.52	0.14140625
166860	0.14140625
166920.48	0.141145833
166979.52	0.141145833
167040	0.140885417
167100.48	0.140885417
167159.52	0.140625
167220	0.140625
167280.48	0.140364583
167339.52	0.140104167
167400	0.13984375
167460.48	0.13984375
167519.52	0.139583333
167580	0.139583333
167640.48	0.139322917
167699.52	0.139322917
167760	0.1390625
167820.48	0.1390625
167879.52	0.138802083
167940	0.138802083
168000.48	0.138802083
168059.52	0.138541667
168120	0.138541667
168180.48	0.138541667
168239.52	0.138541667
168300	0.13828125
168360.48	0.13828125
168419.52	0.13828125
168480	0.13828125
168540.48	0.138020833
168599.52	0.13828125
168660	0.13828125
168720.48	0.13828125
168779.52	0.13828125
168840	0.13828125
168900.48	0.13828125
168959.52	0.13828125
169020	0.13828125
169080.48	0.13828125
169139.52	0.138020833
169200	0.138020833
169260.48	0.138020833
169319.52	0.138020833
169380	0.138020833
169440.48	0.138020833
169499.52	0.138020833
169560	0.137760417
169620.48	0.137760417
169679.52	0.137760417
169740	0.137760417
169800.48	0.137760417
169859.52	0.137760417
169920	0.137760417
169980.48	0.137760417
170039.52	0.137760417
170100	0.137760417
170160.48	0.137760417
170219.52	0.137760417
170280	0.137760417
170340.48	0.137760417
170399.52	0.137760417
170460	0.1375
170520.48	0.137760417
170579.52	0.137760417
170640	0.1375
170700.48	0.1375
170759.52	0.1375
170820	0.1375
170880.48	0.1375
170939.52	0.137239583
171000	0.137239583
171060.48	0.137239583
171119.52	0.137239583
171180	0.137239583
171240.48	0.136979167
171299.52	0.136979167
171360	0.136979167
171420.48	0.136979167
171479.52	0.13671875
171540	0.13671875
171600.48	0.13671875
171659.52	0.136458333
171720	0.136458333
171780.48	0.136197917
171839.52	0.136197917
171900	0.136197917
171960.48	0.136197917
172019.52	0.1359375
172080	0.1359375
172140.48	0.135677083
172199.52	0.135677083
172260	0.135416667
172320.48	0.135416667
172379.52	0.13515625
172440	0.13515625
172500.48	0.134895833
172559.52	0.134895833
172620	0.134895833
172680.48	0.134635417
172739.52	0.134375
172800	0.134375
172860.48	0.134114583
172919.52	0.133854167
172980	0.133854167
173040.48	0.13359375
173099.52	0.133333333
173160	0.133333333
173220.48	0.133072917
173279.52	0.1328125
173340	0.1328125
173400.48	0.132552083
173459.52	0.132291667
173520	0.13203125
173580.48	0.13203125
173639.52	0.131770833
173700	0.131510417
173760.48	0.13125
173819.52	0.13125
173880	0.130989583
173940.48	0.130729167
173999.52	0.13046875
174060	0.130208333
174120.48	0.130208333
174179.52	0.129947917
174240	0.1296875
174300.48	0.129427083
174359.52	0.129166667
174420	0.12890625
174480.48	0.12890625
174539.52	0.128645833
174600	0.128385417
174660.48	0.128125
174719.52	0.127864583
174780	0.127604167
174840.48	0.127604167
174899.52	0.12734375
174960	0.127083333
175020.48	0.126822917
175079.52	0.1265625
175140	0.126302083
175200.48	0.126041667
175259.52	0.126041667
175320	0.12578125
175380.48	0.125520833
175439.52	0.125260417
175500	0.125
175560.48	0.124739583
175619.52	0.124479167
175680	0.12421875
175740.48	0.123958333
175740.624	0.123958333
175740.768	0.123958333
175741.056	0.123958333
175741.344	0.123958333
175741.776	0.123958333
175742.352	0.123958333
175743.072	0.123958333
175743.936	0.123958333
175745.088	0.123958333
175746.672	0.123958333
175748.544	0.123958333
175751.136	0.123958333
175754.592	0.123958333
175759.056	0.123958333
175764.816	0.123958333
175771.728	0.123697917
175780.944	0.123697917
175799.52	0.123697917
175799.664	0.123697917
175799.808	0.123697917
175800.096	0.123697917
175800.384	0.123697917
175800.816	0.123697917
175801.392	0.123697917
175802.112	0.123697917
175802.976	0.123697917
175804.128	0.123697917
175805.712	0.123697917
175807.584	0.123697917
175810.176	0.123697917
175813.632	0.123697917
175817.952	0.123697917
175824	0.123697917
175831.2	0.1234375
175840.704	0.1234375
175850.352	0.1234375
175860	0.1234375
175860.144	0.1234375
175860.288	0.1234375
175860.576	0.1234375
175860.864	0.1234375
175861.296	0.1234375
175861.872	0.1234375
175862.592	0.1234375
175863.456	0.1234375
175864.608	0.1234375
175866.192	0.1234375
175868.064	0.1234375
175870.656	0.1234375
175874.112	0.1234375
175878.432	0.1234375
175884.48	0.1234375
175891.68	0.1234375
175901.184	0.123177083
175910.832	0.123177083
175920.48	0.123177083
175920.624	0.123177083
175920.768	0.123177083
175921.056	0.123177083
175921.344	0.123177083
175921.776	0.123177083
175922.352	0.123177083
175923.072	0.123177083
175923.936	0.123177083
175925.088	0.123177083
175926.672	0.123177083
175928.544	0.123177083
175931.136	0.123177083
175934.592	0.123177083
175939.056	0.123177083
175944.816	0.123177083
175951.728	0.123177083
175960.944	0.123177083
175979.52	0.122916667
175994.64	0.122916667
176017.392	0.122916667
176040	0.122916667
176070.24	0.122916667
176100.48	0.12265625
176130	0.12265625
176159.52	0.12265625
176220	0.12265625
176280.48	0.12265625
176339.52	0.12265625
176400	0.12265625
176460.48	0.12265625
176519.52	0.122916667
176580	0.122916667
176640.48	0.123177083
176699.52	0.1234375
176760	0.123697917
176820.48	0.123958333
176879.52	0.12421875
176940	0.124739583
177000.48	0.125
177059.52	0.125260417
177120	0.12578125
177180.48	0.126302083
177239.52	0.126822917
177300	0.12734375
177360.48	0.128125
177419.52	0.128645833
177480	0.129427083
177540.48	0.13046875
177570	0.130729167
177599.52	0.13125
177629.76	0.131770833
177660	0.132291667
177680.16	0.1328125
177700.32	0.133072917
177720.48	0.133333333
177740.208	0.133854167
177759.792	0.134114583
177779.52	0.134635417
177799.68	0.134895833
177813.072	0.135416667
177822.144	0.135677083
177831.072	0.135677083
177840	0.1359375
177850.08	0.136197917
177860.16	0.136458333
177870.24	0.13671875
177880.32	0.136979167
177890.4	0.137239583
177900.48	0.1375
177910.272	0.1375
177920.208	0.137760417
177930	0.138020833
177939.792	0.13828125
177959.52	0.138802083
177971.616	0.1390625
177983.712	0.139322917
177995.808	0.139583333
178007.904	0.140104167
178020	0.140364583
178035.12	0.140625
178050.24	0.141145833
178065.36	0.141666667
178080.48	0.141927083
178100.208	0.142708333
178119.792	0.143229167
178139.52	0.14375
178154.64	0.144270833
178169.76	0.144791667
178184.88	0.1453125
178200	0.145833333
178212.096	0.146354167
178224.192	0.146875
178236.288	0.147135417
178248.384	0.14765625
178260.48	0.148177083
178272.288	0.1484375
178284.096	0.148958333
178295.904	0.149479167
178307.712	0.149739583
178319.52	0.150260417
178331.616	0.150520833
178343.712	0.151041667
178355.808	0.1515625
178367.904	0.152083333
178380	0.152604167
178392.096	0.153125
178404.192	0.153645833
178416.288	0.154166667
178428.384	0.1546875
178440.48	0.155208333
178452.288	0.155729167
178467.984	0.15625
178483.824	0.15703125
178499.52	0.1578125
178514.64	0.15859375
178529.76	0.159114583
178544.88	0.159895833
178560	0.160677083
178575.12	0.161458333
178590.24	0.1625
178605.36	0.16328125
178620.48	0.1640625
178632.288	0.16484375
178640.208	0.165364583
178647.984	0.165885417
178655.904	0.16640625
178663.824	0.166927083
178671.6	0.167447917
178679.52	0.16796875
178687.008	0.16875
178694.64	0.169270833
178702.128	0.169791667
178709.76	0.1703125
178717.392	0.17109375
178724.88	0.171614583
178732.368	0.172135417
178740	0.172916667
178750.08	0.173958333
178760.16	0.175520833
178770.24	0.177083333
178780.32	0.178645833
178790.4	0.1796875
178800.48	0.180729167
178807.104	0.181770833
178813.584	0.182552083
178820.208	0.183072917
178826.688	0.183854167
178833.312	0.184375
178839.792	0.185416667
178846.416	0.186197917
178852.896	0.187239583
178859.52	0.188020833
178866.288	0.188541667
178872.912	0.189322917
178879.68	0.190104167
178886.448	0.190885417
178893.072	0.19140625
178899.84	0.1921875
178906.608	0.193229167
178913.232	0.194010417
178920	0.194791667
178926.768	0.195833333
178933.392	0.196875
178940.16	0.197916667
178946.928	0.1984375
178953.552	0.19921875
178960.32	0.199739583
178967.088	0.20078125
178973.712	0.2015625
178980.48	0.202083333
178987.104	0.202604167
178993.584	0.203385417
179000.208	0.204427083
179006.688	0.205208333
179013.312	0.205989583
179019.792	0.206510417
179026.416	0.207291667
179032.896	0.2078125
179039.52	0.208333333
179046.288	0.208854167
179052.912	0.209635417
179059.68	0.210416667
179066.448	0.2109375
179073.072	0.211458333
179079.84	0.211979167
179089.92	0.212760417
179100	0.213541667
179108.64	0.214322917
179117.28	0.215104167
179125.92	0.215885417
179134.56	0.216666667
179143.2	0.217447917
179151.84	0.21796875
179160.48	0.218489583
179168.976	0.219010417
179177.328	0.21953125
179185.824	0.220052083
179194.176	0.220572917
179202.672	0.221354167
179211.024	0.221875
179219.52	0.222395833
179228.16	0.223177083
179236.8	0.223697917
179245.44	0.22421875
179254.08	0.224739583
179262.72	0.225520833
179271.36	0.226041667
179280	0.2265625
179288.64	0.227083333
179297.28	0.227604167
179305.92	0.228125
179314.56	0.228645833
179323.2	0.229166667
179331.84	0.2296875
179340.48	0.23046875
179348.976	0.230989583
179357.328	0.231510417
179365.824	0.23203125
179377.056	0.232552083
179388.288	0.233072917
179399.52	0.23359375
179414.64	0.234375
179429.76	0.23515625
179444.88	0.235677083
179460	0.236979167
179470.08	0.237760417
179480.16	0.23828125
179488.224	0.238802083
179496.288	0.239322917
179508.384	0.23984375
179520.48	0.240364583
179532.288	0.241145833
179544.096	0.241666667
179555.904	0.241927083
179567.712	0.242708333
179579.52	0.243229167
179591.616	0.24375
179607.744	0.24453125
179623.872	0.2453125
179640	0.24609375
179652.096	0.246875
179664.192	0.247395833
179676.288	0.247916667
179688.384	0.2484375
179700.48	0.24921875
179715.312	0.249739583
179730	0.250260417
179744.832	0.25078125
179759.52	0.2515625
179774.64	0.252083333
179797.392	0.253385417
179820	0.254166667
179840.16	0.254947917
179860.32	0.255729167
179880.48	0.256510417
179910	0.257552083
179939.52	0.258854167
179969.76	0.259895833
179984.88	0.260416667
180000	0.260416667
180020.16	0.263020833
180040.32	0.263020833
180060.48	0.263020833
180080.208	0.263020833
180099.792	0.265625
180119.52	0.265625
180139.68	0.265625
180153.072	0.265625
180166.608	0.265625
180180	0.268229167
180195.12	0.268229167
180210.24	0.268229167
180240.48	0.268229167
180260.208	0.270833333
180279.792	0.270833333
180299.52	0.270833333
180319.68	0.270833333
180339.84	0.2734375
180360	0.2734375
180380.16	0.2734375
180420.48	0.2734375
180450	0.276041667
180479.52	0.276041667
180509.76	0.276041667
180540	0.278645833
180570.24	0.278645833
180600.48	0.278645833
180630	0.28125
180659.52	0.28125
180689.76	0.28125
180720	0.28125
180750.24	0.283854167
180780.48	0.283854167
180800.208	0.283854167
180819.792	0.283854167
180839.52	0.283854167
180859.68	0.283854167
180879.84	0.286458333
180900	0.286458333
180920.16	0.286458333
180940.32	0.286458333
180960.48	0.286458333
180980.208	0.286458333
180999.792	0.286458333
181019.52	0.286458333
181039.68	0.2890625
181059.84	0.2890625
181080	0.2890625
181110.24	0.2890625
181140.48	0.2890625
181170	0.2890625
181199.52	0.2890625
181229.76	0.2890625
181260	0.2890625
181290.24	0.291666667
181320.48	0.291666667
181350	0.291666667
181379.52	0.291666667
181440	0.291666667
181500.48	0.291666667
181559.52	0.294270833
181589.76	0.294270833
181620	0.294270833
181650.24	0.294270833
181680.48	0.294270833
181710	0.294270833
181739.52	0.294270833
181769.76	0.294270833
181800	0.294270833
181830.24	0.294270833
181860.48	0.294270833
181890	0.294270833
181919.52	0.294270833
181949.76	0.296875
181980	0.296875
182010.24	0.296875
182040.48	0.296875
182070	0.296875
182099.52	0.296875
182129.76	0.296875
182160	0.296875
182190.24	0.296875
182220.48	0.296875
182250	0.296875
182279.52	0.296875
182309.76	0.296875
182340	0.296875
182370.24	0.296875
182400.48	0.296875
182430	0.296875
182459.52	0.296875
182489.76	0.296875
182520	0.296875
182550.24	0.296875
182580.48	0.296875
182610	0.296875
182639.52	0.296875
182669.76	0.296875
182700	0.296875
182760.48	0.296875
182819.52	0.296875
182880	0.296875
182940.48	0.296875
182999.52	0.296875
183060	0.296875
183120.48	0.296875
183150	0.296875
183179.52	0.296875
183240	0.296875
183300.48	0.296875
183330	0.296875
183359.52	0.296875
183420	0.296875
183480.48	0.296875
183539.52	0.296875
183600	0.296875
183660.48	0.296875
183719.52	0.296875
183780	0.296875
183810.24	0.296875
183840.48	0.296875
183870	0.296875
183899.52	0.296875
183929.76	0.296875
183960	0.296875
184020.48	0.296875
184079.52	0.296875
184140	0.296875
184200.48	0.296875
184259.52	0.296875
184320	0.296875
184350.24	0.296875
184380.48	0.296875
184410	0.296875
184439.52	0.296875
184469.76	0.296875
184500	0.296875
184560.48	0.294270833
184619.52	0.294270833
184680	0.294270833
184740.48	0.294270833
184799.52	0.294270833
184860	0.294270833
184890.24	0.294270833
184920.48	0.291666667
184979.52	0.291666667
185040	0.291666667
185100.48	0.291666667
185159.52	0.291666667
185220	0.2890625
185280.48	0.2890625
185339.52	0.2890625
185400	0.2890625
185460.48	0.2890625
185519.52	0.286458333
185580	0.286458333
185640.48	0.286458333
185699.52	0.286458333
185760	0.283854167
185820.48	0.283854167
185879.52	0.283854167
185940	0.28125
186000.48	0.28125
186059.52	0.28125
186120	0.28125
186180.48	0.278645833
186239.52	0.278645833
186300	0.278645833
186360.48	0.276041667
186419.52	0.276041667
186480	0.276041667
186540.48	0.2734375
186599.52	0.2734375
186660	0.2734375
186720.48	0.2734375
186779.52	0.270833333
186840	0.270833333
186900.48	0.270833333
186959.52	0.268229167
187020	0.268229167
187080.48	0.268229167
187139.52	0.265625
187200	0.265625
187260.48	0.265625
187319.52	0.263020833
187380	0.263020833
187440.48	0.263020833
187499.52	0.260416667
187560	0.26015625
187620.48	0.259114583
187679.52	0.258333333
187679.664	0.258333333
187679.808	0.258333333
187680.096	0.258333333
187680.384	0.258333333
187680.816	0.258333333
187681.392	0.258333333
187682.112	0.258333333
187682.976	0.258333333
187684.128	0.258333333
187685.712	0.258072917
187687.584	0.258072917
187690.176	0.258072917
187693.632	0.258072917
187697.952	0.258072917
187704	0.258072917
187711.2	0.258072917
187720.704	0.2578125
187730.352	0.2578125
187740	0.2578125
187740.144	0.2578125
187740.288	0.2578125
187740.576	0.2578125
187740.864	0.2578125
187741.296	0.2578125
187741.872	0.2578125
187742.592	0.2578125
187743.456	0.2578125
187744.608	0.2578125
187746.192	0.2578125
187748.064	0.2578125
187750.656	0.2578125
187754.112	0.2578125
187758.432	0.2578125
187764.48	0.2578125
187771.68	0.2578125
187781.184	0.2578125
187790.832	0.2578125
187800.48	0.2578125
187815.312	0.258072917
187837.344	0.258333333
187859.52	0.25859375
187889.76	0.259114583
187920	0.259635417
187950.24	0.26015625
187980.48	0.260416667
188010	0.263020833
188039.52	0.263020833
188100	0.265625
188160.48	0.265625
188219.52	0.268229167
188280	0.270833333
188340.48	0.2734375
188399.52	0.276041667
188460	0.278645833
188520.48	0.28125
188579.52	0.283854167
188640	0.286458333
188640.144	0.286458333
188640.288	0.286458333
188640.432	0.286458333
188640.72	0.286458333
188641.008	0.286458333
188641.44	0.286458333
188642.016	0.286458333
188642.736	0.286458333
188643.6	0.286458333
188644.752	0.286458333
188646.336	0.286458333
188648.208	0.286458333
188650.8	0.286458333
188654.256	0.286458333
188658.576	0.286458333
188664.192	0.286458333
188671.536	0.286458333
188681.184	0.286458333
188693.712	0.286458333
188709.84	0.286458333
188725.968	0.286458333
188747.136	0.286458333
188768.16	0.283854167
188795.52	0.283854167
188831.088	0.283854167
188877.312	0.28125
188937.504	0.28125
189015.552	0.278645833
189122.112	0.2734375
189258.912	0.270833333
189423.072	0.265625
189642.096	0.258333333
189860.976	0.2515625
190080	0.245052083
190303.2	0.239322917
190598.4	0.23203125
190893.6	0.226041667
191188.8	0.220833333
191484	0.216145833
191853.072	0.210416667
192222	0.205208333
192591.072	0.200260417
192960	0.195833333
193439.952	0.190364583
194040	0.184114583
194640.048	0.178385417
195039.936	0.174739583
195173.28	0.1734375
195340.032	0.172135417
195423.264	0.171354167
195451.056	0.17109375
195487.2	0.170572917
195531.264	0.1703125
195593.04	0.16953125
195654.816	0.169010417
195747.408	0.168229167
195840	0.1671875
195943.104	0.16640625
196077.168	0.16484375
196211.232	0.163802083
196385.616	0.162239583
196619.04	0.160416667
196919.136	0.1578125
197219.376	0.155208333
197519.472	0.152604167
197819.568	0.150260417
198119.664	0.148177083
198419.904	0.145833333
198720	0.14375
199080	0.14140625
199584	0.13828125
200256.048	0.133854167
200927.952	0.130208333
201600	0.1265625
202560.048	0.121875
203519.952	0.117447917
204480	0.113541667
205440.048	0.109375
206399.952	0.105729167
207360	0.102083333
208320.048	0.098958333
209279.952	0.095833333
210240	0.09296875
211680	0.088802083
213120	0.084635417
214560	0.080989583
216000	0.07734375
217440	0.07421875
218880	0.071354167
220320	0.06875
221760	0.066145833
223200	0.0640625
224640	0.06171875
226080	0.059635417
227520	0.0578125
228960	0.055989583
230400	0.054166667
231840	0.052604167
233280	0.051041667
234720	0.049479167
236160	0.048177083
237600	0.046875
239040	0.045833333
240480	0.04453125
241920	0.04375
243360	0.042708333
244800	0.041927083
246240	0.041145833
247680	0.040364583
249120	0.039583333
250560	0.0390625
252000	0.03828125
253440	0.037760417
254880	0.036979167
256320	0.036458333
257760	0.036197917
259200	0.035677083
260640	0.03515625
262080	0.034895833
263520	0.034375
264960	0.034114583
266400	0.033854167
267840	0.03359375
269280	0.033072917
270720	0.0328125
272160	0.032552083
273600	0.032291667
275040	0.03203125
276480	0.031770833
277920	0.031510417
279360	0.03125
280800	0.030989583
282240	0.030729167
283680	0.03046875
285120	0.03046875
286560	0.030208333
288000	0.029947917
289440	0.0296875
290880	0.029427083
292320	0.029427083
293760	0.029166667
295200	0.02890625
296640	0.028645833
298080	0.028645833
299520	0.028385417
300960	0.028125
302400	0.028125
303840	0.027864583
305280	0.027604167
306720	0.027604167
308160	0.02734375
309600	0.02734375
311040	0.027083333
312480	0.026822917
313920	0.026822917
315360	0.0265625
316800	0.0265625
318240	0.026302083
319680	0.026041667
321120	0.026015625
322560	0.025885417
324000	0.025729167
325440	0.025598958
326880	0.02546875
328320	0.025338542
329760	0.025208333
331200	0.025078125
332640	0.024947917
334080	0.02484375
335520	0.024713542
336960	0.024583333
338400	0.024479167
339840	0.024348958
341280	0.024244792
342720	0.024114583
344160	0.024010417
345600	0.023880208
347040	0.023776042
348480	0.023671875
349920	0.023567708
351360	0.023463542
352800	0.023359375
354240	0.023255208
355680	0.023151042
357120	0.023046875
358560	0.022942708
360000	0.022838542
361440	0.022734375
362880	0.02265625
364320	0.022552083
365760	0.022447917
367200	0.022369792
368640	0.022265625
370080	0.0221875
371520	0.022083333
372960	0.022005208
374400	0.021901042
375840	0.021822917
377280	0.021744792
378720	0.021640625
380160	0.0215625
381600	0.021484375
383040	0.02140625
384480	0.021302083
385920	0.021223958
387360	0.021145833
388800	0.021067708
390240	0.020989583
391680	0.020911458
393120	0.020833333
394560	0.020755208
396000	0.020677083
397440	0.020598958
398880	0.020520833
400320	0.020442708
401760	0.020364583
403200	0.0203125
404640	0.020234375
406080	0.02015625
407520	0.020078125
408960	0.020026042
410400	0.019947917
411840	0.019869792
413280	0.019817708
414720	0.019739583
416160	0.019661458
417600	0.019609375
419040	0.01953125
420480	0.019453125
421920	0.019401042
423360	0.019322917
424800	0.019244792
426240	0.019192708
427680	0.019114583
429120	0.0190625
430560	0.018984375
432000	0.018932292
433440	0.018880208
434880	0.018802083
436320	0.01875
437760	0.018697917
439200	0.018619792
440640	0.018567708
442080	0.018515625
443520	0.0184375
444960	0.018385417
446400	0.018333333
447840	0.01828125
449280	0.018203125
450720	0.018151042
452160	0.018098958
453600	0.018046875
455040	0.017994792
456480	0.017942708
457920	0.017864583
459360	0.0178125
460800	0.017760417
462240	0.017708333
463680	0.01765625
465120	0.017604167
466560	0.017552083
468000	0.0175
469440	0.017447917
470880	0.017395833
472320	0.01734375
473760	0.017291667
475200	0.017239583
476640	0.0171875
478080	0.017135417
479520	0.017083333
480960	0.01703125
482400	0.016979167
483840	0.016927083
485280	0.016875
486720	0.016822917
488160	0.016770833
489600	0.016744792
491040	0.016692708
492480	0.016640625
493920	0.016588542
495360	0.016536458
496800	0.016484375
498240	0.016432292
499680	0.01640625
501120	0.016354167
502560	0.016302083
504000	0.01625
505440	0.016223958
506880	0.016171875
508320	0.016119792
509760	0.016067708
511200	0.016041667
512640	0.015989583
514080	0.0159375
515520	0.015885417
516960	0.015859375
518400	0.015807292
519840	0.015755208
521280	0.015729167
522720	0.015677083
524160	0.015625
525600	0.015598958
527040	0.015546875
528480	0.015494792
529920	0.01546875
531360	0.015416667
532800	0.015364583
534240	0.015338542
535680	0.015286458
537120	0.015260417
538560	0.015208333
540000	0.01515625
541440	0.015130208
542880	0.015078125
544320	0.015052083
545760	0.015
547200	0.014973958
548640	0.014921875
550080	0.014869792
551520	0.01484375
552960	0.014791667
554400	0.014765625
555840	0.014713542
557280	0.0146875
558720	0.014635417
560160	0.014609375
561600	0.014557292
563040	0.01453125
564480	0.014479167
565920	0.014453125
567360	0.014401042
568800	0.014375
570240	0.014322917
571680	0.014296875
573120	0.014244792
574560	0.01421875
576000	0.014192708
577440	0.014140625
578880	0.014114583
580320	0.0140625
581760	0.014036458
583200	0.013984375
584640	0.013958333
586080	0.013932292
587520	0.013880208
588960	0.013854167
590400	0.013828125
591840	0.013776042
593280	0.01375
594720	0.013697917
596160	0.013671875
597600	0.013645833
599040	0.01359375
600480	0.013567708
601920	0.013541667
603360	0.013489583
604800	0.013463542
606240	0.0134375
607680	0.013385417
609120	0.013359375
610560	0.013333333
612000	0.013307292
613440	0.013255208
614880	0.013229167
616320	0.013203125
617760	0.013151042
619200	0.013125
620640	0.013098958
622080	0.013072917
623520	0.013020833
624960	0.012994792
626400	0.01296875
627840	0.012942708
629280	0.012890625
630720	0.012864583
632160	0.012838542
633600	0.0128125
635040	0.012760417
636480	0.012734375
637920	0.012708333
639360	0.012682292
640800	0.01265625
642240	0.012604167
643680	0.012578125
645120	0.012552083
646560	0.012526042
648000	0.0125
649440	0.012447917
650880	0.012421875
652320	0.012395833
653760	0.012369792
655200	0.01234375
656640	0.012291667
658080	0.012265625
659520	0.012239583
660960	0.012213542
662400	0.0121875
663840	0.012161458
665280	0.012135417
666720	0.012083333
668160	0.012057292
669600	0.01203125
671040	0.012005208
672480	0.011979167
673920	0.011953125
675360	0.011927083
676800	0.011901042
678240	0.011875
679680	0.011848958
681120	0.011796875
682560	0.011770833
684000	0.011744792
685440	0.01171875
686880	0.011692708
688320	0.011666667
689760	0.011640625
691200	0.011614583
692640	0.011588542
694080	0.0115625
695520	0.011536458
696960	0.011510417
698400	0.011484375
699840	0.011458333
701280	0.011432292
702720	0.01140625
704160	0.011380208
705600	0.011354167
707040	0.011328125
708480	0.011302083
709920	0.011276042
711360	0.01125
712800	0.011223958
714240	0.011197917
715680	0.011171875
717120	0.011145833
718560	0.011119792
720000	0.01109375
721440	0.011067708
722880	0.011041667
724320	0.011015625
725760	0.010989583
727200	0.010963542
728640	0.0109375
730080	0.010911458
731520	0.010885417
732960	0.010859375
734400	0.010833333
735840	0.010807292
737280	0.01078125
738720	0.010755208
740160	0.010729167
741600	0.010703125
743040	0.010703125
744480	0.010677083
745920	0.010651042
747360	0.010625
748800	0.010598958
750240	0.010572917
751680	0.010546875
753120	0.010520833
754560	0.010494792
756000	0.010494792
757440	0.01046875
758880	0.010442708
760320	0.010416667
761760	0.010390625
763200	0.010364583
764640	0.010338542
766080	0.010338542
767520	0.0103125
768960	0.010286458
770400	0.010260417
771840	0.010234375
773280	0.010208333
774720	0.010208333
776160	0.010182292
777600	0.01015625
779040	0.010130208
780480	0.010104167
781920	0.010104167
783360	0.010078125
784800	0.010052083
786240	0.010026042
787680	0.01
789120	0.01
790560	0.009973958
792000	0.009947917
793440	0.009921875
794880	0.009921875
796320	0.009895833
797760	0.009869792
799200	0.00984375
800640	0.00984375
802080	0.009817708
803520	0.009791667
804960	0.009765625
806400	0.009765625
807840	0.009739583
809280	0.009713542
810720	0.009713542
812160	0.0096875
813600	0.009661458
815040	0.009635417
816480	0.009635417
817920	0.009609375
819360	0.009583333
820800	0.009583333
822240	0.009557292
823680	0.00953125
825120	0.009505208
826560	0.009505208
828000	0.009479167
829440	0.009453125
830880	0.009453125
832320	0.009427083
833760	0.009401042
835200	0.009401042
836640	0.009375
838080	0.009348958
839520	0.009348958
840960	0.009322917
842400	0.009296875
843840	0.009296875
845280	0.009270833
846720	0.009244792
848160	0.009244792
849600	0.00921875
851040	0.009192708
852480	0.009192708
853920	0.009166667
855360	0.009166667
856800	0.009140625
858240	0.009114583
859680	0.009114583
861120	0.009088542
862560	0.0090625
864000	0.0090625
865440	0.009036458
866880	0.009036458
868320	0.009010417
869760	0.008984375
871200	0.008984375
872640	0.008958333
874080	0.008958333
875520	0.008932292
876960	0.00890625
878400	0.00890625
879840	0.008880208
881280	0.008880208
882720	0.008854167
884160	0.008828125
885600	0.008828125
887040	0.008802083
888480	0.008802083
889920	0.008776042
891360	0.00875
892800	0.00875
894240	0.008723958
895680	0.008723958
897120	0.008697917
898560	0.008697917
900000	0.008671875
901440	0.008645833
902880	0.008645833
904320	0.008619792
905760	0.008619792
907200	0.00859375
908640	0.00859375
910080	0.008567708
911520	0.008541667
912960	0.008541667
914400	0.008515625
915840	0.008515625
917280	0.008489583
918720	0.008489583
920160	0.008463542
921600	0.008463542
923040	0.0084375
924480	0.0084375
925920	0.008411458
927360	0.008385417
928800	0.008385417
930240	0.008359375
931680	0.008359375
933120	0.008333333
934560	0.008333333
936000	0.008307292
937440	0.008307292
938880	0.00828125
940320	0.00828125
941760	0.008255208
943200	0.008255208
944640	0.008229167
946080	0.008229167
947520	0.008203125
948960	0.008203125
950400	0.008177083
951840	0.008177083
953280	0.008151042
954720	0.008151042
956160	0.008125
957600	0.008125
959040	0.008098958
960480	0.008098958
961920	0.008072917
963360	0.008072917
964800	0.008046875
966240	0.008046875
967680	0.008020833
969120	0.008020833
970560	0.007994792
972000	0.007994792
973440	0.00796875
974880	0.00796875
976320	0.007942708
977760	0.007942708
979200	0.007916667
980640	0.007916667
982080	0.007890625
983520	0.007890625
984960	0.007864583
986400	0.007864583
987840	0.007838542
989280	0.007838542
990720	0.007838542
992160	0.0078125
993600	0.0078125
995040	0.007786458
996480	0.007786458
997920	0.007760417
999360	0.007760417
1000800	0.007734375
1002240	0.007734375
1003680	0.007708333
1005120	0.007708333
1006560	0.007682292
1008000	0.007682292
1009440	0.007682292
1010880	0.00765625
1012320	0.00765625
1013760	0.007630208
1015200	0.007630208
1016640	0.007604167
1018080	0.007604167
1019520	0.007578125
1020960	0.007578125
1022400	0.007552083
1023840	0.007552083
1025280	0.007552083
1026720	0.007526042
1028160	0.007526042
1029600	0.0075
1031040	0.0075
1032480	0.007473958
1033920	0.007473958
1035360	0.007473958
1036800	0.007447917
1038240	0.007447917
1039680	0.007421875
1041120	0.007421875
1042560	0.007395833
1044000	0.007395833
1045440	0.007395833
1046880	0.007369792
1048320	0.007369792
1049760	0.00734375
1051200	0.00734375
1052640	0.007317708
1054080	0.007317708
1055520	0.007317708
1056960	0.007291667
1058400	0.007291667
1059840	0.007265625
1061280	0.007265625
1062720	0.007239583
1064160	0.007239583
1065600	0.007239583
1067040	0.007213542
1068480	0.007213542
1069920	0.0071875
1071360	0.0071875
1072800	0.0071875
1074240	0.007161458
1075680	0.007161458
1077120	0.007135417
1078560	0.007135417
1080000	0.007135417
1081440	0.007109375
1082880	0.007109375
1084320	0.007083333
1085760	0.007083333
1087200	0.007083333
1088640	0.007057292
1090080	0.007057292
1091520	0.00703125
1092960	0.00703125
1094400	0.00703125
1095840	0.007005208
1097280	0.007005208
1098720	0.006979167
1100160	0.006979167
1101600	0.006979167
1103040	0.006953125
1104480	0.006953125
1105920	0.006927083
1107360	0.006927083
1108800	0.006927083
1110240	0.006901042
1111680	0.006901042
1113120	0.006875
1114560	0.006875
1116000	0.006875
1117440	0.006848958
1118880	0.006848958
1120320	0.006848958
1121760	0.006822917
1123200	0.006822917
1124640	0.006796875
1126080	0.006796875
1127520	0.006796875
1128960	0.006770833
1130400	0.006770833
1131840	0.006744792
1133280	0.006744792
1134720	0.006744792
1136160	0.00671875
1137600	0.00671875
1139040	0.00671875
1140480	0.006692708
1141920	0.006692708
1143360	0.006666667
1144800	0.006666667
1146240	0.006666667
1147680	0.006640625
1149120	0.006640625
1150560	0.006640625
1152000	0.006614583
