4087	
0.144	0
0.288	0
0.576	0
0.864	0
1.296	0
1.872	0
2.592	0
3.456	0
4.608	0
6.192	0
8.064	0
10.656	0
14.112	0
18.432	0
24.048	0
31.392	0
41.04	0
53.568	0
69.696	0
90.72	0
118.08	0
153.648	0
199.872	0
260.064	0
338.256	0
416.448	0
434.592	0
440.64	0
446.832	0
451.008	0
455.328	0
458.208	0
461.232	0
463.392	0
465.408	0
466.848	0
468.288	0
469.872	0
471.312	0
472.32	0
473.328	0
474.336	0
475.056	0
475.776	0
476.496	0
477.216	0
477.936	0
478.656	0
479.376	0
480.096	0
480.528	0
481.104	0
481.536	0
482.112	0
482.544	0
483.12	0
483.552	0
484.128	0
484.56	0
484.848	0
485.28	0
485.568	0
486	0
486.288	0
486.72	0
487.008	0
487.296	0
487.728	0
488.016	0
488.448	0
488.736	0
489.168	0
489.456	0
489.744	0
490.176	0
490.464	0
490.752	0
491.184	0
491.616	0
491.904	0
492.192	0
492.48	0
492.768	0
492.912	0
493.056	0
493.344	0
493.488	0
493.776	0
493.92	0
494.208	0
494.352	0
494.496	0
494.64	0
494.784	0
495.072	0
495.216	0
495.36	0
495.504	0
495.792	0
495.936	0
496.08	0
496.368	0
496.656	0
496.8	0
497.088	0
497.376	0
497.664	0
497.952	0
498.24	0
498.528	0
498.96	0
499.248	0
499.536	0
499.824	0
500.112	0
500.4	0
500.832	0
501.12	0
501.408	0
501.696	0
501.984	0
502.272	0
502.704	0
502.992	0
503.136	0
503.424	0
503.568	0
503.856	0
504.144	0
504.432	0
504.72	0
505.008	0
505.296	0
505.584	0
505.872	0
506.16	0
506.448	0
506.736	0
507.024	0
507.312	0
507.6	0
507.888	0
508.176	0
508.464	0
508.752	0
509.04	0
509.328	0
509.616	0
510.048	0
510.336	0
510.48	0
510.768	0
511.056	0
511.344	0
511.632	0
511.776	0
512.064	0
512.352	0
512.64	0
512.928	0
513.072	0
513.36	0
513.648	0
513.936	0
514.224	0
514.368	0
514.8	0
515.088	0
515.376	0
515.808	0
516.096	0
516.528	0
516.96	0
517.392	0
517.824	0
518.256	0
518.688	0
519.12	0
519.552	0
519.984	0
520.416	0
520.704	0
520.992	0
521.28	0
521.568	0
521.856	0
522.144	0
522.432	0
522.864	0
523.152	0
523.44	0
523.728	0
524.016	0
524.304	0
524.592	0
524.88	0
525.312	0
525.6	0
525.888	0
526.176	0
526.464	0
526.752	0
527.04	0
527.328	0
527.472	0
527.76	0
528.048	0
528.336	0
528.624	0
528.912	0
529.2	0
529.488	0
529.776	0
530.064	0
530.352	0
530.64	0
530.928	0
531.072	0
531.36	0
531.504	0
531.792	0
531.936	0
532.08	0
532.368	0
532.512	0
532.656	0
532.944	0
533.232	0
533.52	0
533.664	0
533.952	0
534.24	0
534.528	0
534.672	0
534.96	0
535.248	0
535.536	0
535.68	0
535.824	0
535.968	0
536.256	0
536.4	0
536.544	0
536.688	0
536.832	0
536.976	0
537.12	0
537.264	0
537.408	0
537.408	0
537.552	0
537.696	0
537.84	0
537.984	0
538.272	0
538.416	0
538.56	0
538.704	0
538.848	0
538.992	0
539.136	0
539.28	0
539.28	0
539.424	0
539.568	0
539.712	0
539.856	0
540	0
540.144	0
540.288	0
540.432	0
540.576	0
540.72	0
540.864	0
540.864	0
541.152	0
541.296	0
541.44	0
541.584	0
541.872	0
542.016	0
542.16	0
542.304	0
542.448	0
542.592	0
542.736	0
542.88	0
543.024	0
543.168	0
543.168	0
543.312	0
543.456	0
543.6	0
543.744	0
543.744	0
543.888	0
543.888	0
544.032	0
544.176	0
544.32	0
544.464	0
544.608	0
544.752	0
544.896	0
545.04	0
545.04	0
545.184	0
545.328	0
545.472	0
545.472	0
545.616	0
545.76	0
545.904	0
545.904	0
546.048	0
546.192	0
546.336	0
546.48	0
546.624	0
546.768	0
546.912	0
547.056	0
547.2	0
547.344	0
547.488	0
547.488	0
547.632	0
547.92	0
548.064	0
548.208	0
548.352	0
548.496	0
548.64	0
548.928	0
549.072	0
549.216	0
549.504	0
549.648	0
549.936	0
550.08	0
550.368	0
550.656	0
550.8	0
551.088	0
551.232	0
551.52	0
551.664	0
551.952	0
552.096	0
552.384	0
552.528	0
552.816	0
552.96	0
553.248	0
553.536	0
553.68	0
553.968	0
554.112	0
554.4	0
554.544	0
554.832	0
554.976	0
555.264	0
555.408	0
555.696	0
555.84	0
556.128	0
556.416	0
556.56	0
556.848	0
556.992	0
557.136	0
557.28	0
557.424	0
557.568	0
557.712	0
558	0
558.144	0
558.288	0
558.432	0
558.576	0
558.576	0
558.72	0
558.864	0
559.008	0
559.152	0
559.296	0
559.44	0
559.584	0
559.728	0
559.728	0
559.872	0
560.016	0
560.016	0
560.16	0
560.304	0
560.592	0
560.736	0
561.024	0
561.312	0
561.456	0
561.744	0
561.888	0
562.176	0
562.464	0
562.752	0
563.04	0
563.328	0
563.616	0
563.904	0
564.192	0
564.48	0
564.768	0
565.056	0
565.344	0
565.488	0
565.776	0
566.064	0
566.352	0
566.64	0
567.072	0
567.36	0
567.792	0
568.08	0
568.512	0
568.944	0
569.232	0
569.664	0
569.952	0
570.384	0
570.672	0
571.104	0
571.392	0
571.824	0
572.112	0
572.544	0
572.976	0
573.264	0
573.696	0
573.984	0
574.416	0
574.704	0
575.136	0
575.424	0
576	0
576.432	0
577.008	0
577.728	0
578.304	0
578.88	0
579.456	0
580.176	0
580.896	0
581.76	0
582.624	0
583.344	0
584.208	0
584.928	0
585.792	0
586.8	0
587.808	0
588.96	0
589.968	0
590.976	0
592.128	0
593.424	0
594.72	0
596.16	0
597.456	0
598.896	0
600.192	0
601.632	0
602.928	0
604.368	0
606.096	0
607.824	0
609.552	0
611.424	0
613.152	0
614.88	0
616.176	0
617.328	0
618.624	0
619.92	0
621.504	0
623.088	0
624.672	0
626.832	0
628.848	0
631.584	0
634.32	0
637.92	0
641.376	0
645.984	0
652.032	0
657.936	0
663.984	0
669.888	0
675.936	0
681.84	0
687.888	0
693.792	0
699.84	0
704.016	0
708.192	0
712.368	0
716.544	0
720.72	0
724.896	0
729.072	0
734.544	0
741.6	0
750.816	0
762.768	0
778.32	0
798.48	0
824.688	0
858.816	0
903.168	0
960.912	0
1018.512	0
1058.976	0
1087.2	0
1115.424	0
1135.152	0
1141.776	0
1148.4	0
1153.008	0
1157.616	0
1162.224	0
1166.832	0
1171.44	0
1176.048	0
1180.656	0
1185.264	0
1190.016	0
1194.624	0
1200.528	0
1206.576	0
1214.352	0
1222.128	0
1229.904	0
1235.376	0
1240.848	0
1244.736	0
1248.48	0
1252.368	0
1256.112	0
1260	0
1263.888	0
1267.632	0
1271.52	0
1275.264	0
1278	0
1280.592	0
1283.328	0
1285.92	0
1288.656	0
1291.392	0
1293.984	0
1296.72	0
1300.176	0
1303.632	0
1307.088	0
1311.696	0
1316.16	0
1320.624	0
1325.232	0
1329.696	0
1334.304	0
1338.768	0
1343.232	0
1347.84	0
1352.304	0
1356.912	0
1361.376	0
1365.984	0
1370.448	0
1374.912	0
1379.52	0
1383.984	0
1388.592	0
1393.056	0
1398.96	0
1402.992	0
1407.168	0
1411.2	0
1416.672	0
1422	0
1427.328	0
1432.656	0
1437.984	0
1443.312	0
1448.784	0
1454.112	0
1457.856	0
1461.6	0
1465.344	0
1469.088	0
1471.68	0
1474.272	0
1476.864	0
1479.456	0
1482.192	0
1484.784	0
1487.376	0
1489.968	0
1492.56	0
1495.296	0
1497.888	0
1500.48	0
1503.072	0
1505.808	0
1508.4	0
1510.992	0
1513.584	0
1516.176	0
1518.912	0
1521.504	0
1524.096	0
1526.688	0
1529.28	0
1532.016	0
1534.608	0
1537.2	0
1539.792	0
1541.664	0
1542.96	0
1544.256	0
1545.552	0
1546.848	0
1548	0
1549.296	0
1551.024	0
1552.752	0
1554.336	0
1556.064	0
1557.648	0
1559.376	0
1561.104	0
1562.256	0
1563.408	0
1564.56	0
1565.712	0
1566.864	0
1568.016	0
1569.168	0
1570.464	0
1571.616	0
1572.336	0
1573.2	0
1574.064	0
1574.784	0
1575.648	0
1576.512	0
1577.232	0
1578.096	0
1578.96	0
1579.68	0
1580.544	0
1581.408	0
1582.128	0
1582.992	0
1583.856	0
1584.72	0
1585.44	0
1586.304	0
1587.168	0
1587.888	0
1588.752	0
1589.616	0
1590.336	0
1591.2	0
1592.064	0
1592.784	0
1593.648	0
1594.512	0
1595.232	0
1596.096	0
1596.96	0
1597.68	0
1598.544	0
1599.408	0
1600.128	0
1600.992	0
1601.856	0
1602.72	0
1603.44	0
1604.304	0
1605.168	0
1605.888	0
1606.752	0
1607.328	0
1607.904	0
1608.48	0
1609.056	0
1609.632	0
1610.208	0
1610.784	0
1611.36	0
1611.936	0
1612.656	0
1613.664	0
1614.528	0
1615.536	0
1616.544	0
1617.408	0
1618.416	0
1619.136	0
1620	0
1620.864	0
1621.728	0
1622.592	0
1623.6	0
1624.464	0
1625.328	0
1626.192	0
1627.056	0
1627.92	0
1628.784	0
1629.648	0
1630.512	0
1631.52	0
1632.672	0
1633.68	0
1634.832	0
1635.984	0
1637.136	0
1638.288	0
1639.44	0
1640.304	0
1640.88	0
1641.456	0
1641.888	0
1642.464	0
1643.04	0
1643.76	0
1644.48	0
1645.2	0
1646.208	0
1647.216	0
1648.08	0
1649.088	0
1649.952	0
1650.96	0
1651.968	0
1652.832	0
1653.84	0
1654.704	0
1655.712	0
1656.576	0
1657.584	0
1658.592	0
1659.456	0
1660.464	0
1661.328	0.00028125
1662.336	0.000658854
1663.344	0.000661458
1664.208	0.000664063
1665.216	0.000664063
1666.08	0.000666667
1667.088	0.000669271
1667.952	0.000671875
1668.96	0.000671875
1669.968	0.000674479
1670.832	0.000677083
1671.84	0.000679688
1672.704	0.000682292
1673.712	0.000682292
1674.432	0.000684896
1675.008	0.0006875
1675.728	0.000690104
1676.304	0.000692708
1677.024	0.000695313
1677.744	0.000697917
1678.608	0.000703125
1679.472	0.000710938
1680.048	0.001291667
1680.624	0.001447917
1681.344	0.001447917
1682.208	0.001450521
1682.928	0.001460938
1683.792	0.001463542
1684.512	0.001463542
1685.376	0.001463542
1686.096	0.001466146
1686.96	0.001466146
1687.68	0.00146875
1688.544	0.00146875
1689.552	0.001471354
1690.56	0.001471354
1691.568	0.001473958
1692.576	0.001473958
1693.584	0.001476563
1694.592	0.001820313
1695.6	0.002161458
1696.608	0.002166667
1697.616	0.0021875
1698.624	0.002257813
1699.776	0.002864583
1700.784	0.002864583
1701.792	0.002864583
1702.8	0.002864583
1703.808	0.002916667
1704.816	0.002942708
1705.824	0.002942708
1706.832	0.002942708
1707.84	0.002942708
1708.848	0.00296875
1709.568	0.00296875
1710.288	0.00296875
1711.008	0.00296875
1711.728	0.00296875
1712.448	0.00296875
1713.456	0.00296875
1714.32	0.00296875
1715.184	0.002994792
1716.192	0.002994792
1717.056	0.002994792
1718.064	0.002994792
1718.64	0.003411458
1719.36	0.003619792
1719.936	0.003619792
1720.656	0.004192708
1721.232	0.004322917
1721.952	0.004348958
1722.528	0.004348958
1723.248	0.004348958
1723.824	0.004375
1724.544	0.004375
1725.12	0.004375
1725.84	0.004375
1726.56	0.004375
1726.992	0.004401042
1727.568	0.004401042
1728.144	0.004401042
1728.72	0.004427083
1729.296	0.004453125
1729.872	0.004453125
1730.448	0.004453125
1731.024	0.004453125
1731.744	0.004479167
1732.32	0.004479167
1733.04	0.004479167
1733.616	0.004479167
1734.048	0.004505208
1734.624	0.004505208
1735.2	0.00515625
1735.776	0.005234375
1736.064	0.005234375
1736.64	0.005234375
1737.216	0.005260417
1737.936	0.005260417
1738.512	0.005260417
1739.376	0.005260417
1740.096	0.005260417
1740.96	0.005260417
1741.824	0.005286458
1742.688	0.005625
1743.552	0.005989583
1744.272	0.005989583
1745.136	0.005989583
1746	0.005989583
1746.864	0.006015625
1747.584	0.006015625
1748.448	0.006041667
1749.312	0.006796875
1750.176	0.006822917
1750.896	0.006822917
1751.76	0.006822917
1752.336	0.006848958
1752.912	0.006848958
1753.488	0.006848958
1754.064	0.006848958
1754.64	0.006848958
1755.216	0.006848958
1755.792	0.006848958
1756.368	0.006875
1756.944	0.006901042
1757.52	0.006901042
1758.24	0.007109375
1759.104	0.007630208
1759.824	0.00765625
1760.544	0.00765625
1761.264	0.007682292
1762.128	0.007682292
1762.848	0.007682292
1763.568	0.007708333
1764.144	0.007708333
1764.576	0.007786458
1765.152	0.0084375
1765.728	0.0084375
1766.448	0.008463542
1767.024	0.008515625
1767.744	0.008541667
1768.464	0.008541667
1769.184	0.008567708
1769.76	0.009192708
1770.48	0.009244792
1771.344	0.009375
1772.208	0.009921875
1773.216	0.009921875
1774.08	0.010026042
1774.944	0.010677083
1775.808	0.010703125
1776.672	0.010703125
1777.68	0.010963542
1778.544	0.011484375
1779.408	0.011484375
1780.272	0.011510417
1781.136	0.011536458
1782.144	0.011588542
1783.008	0.011588542
1783.872	0.011927083
1785.024	0.013489583
1786.176	0.015078125
1787.04	0.016744792
1787.76	0.016770833
1788.624	0.016770833
1789.632	0.017057292
1790.784	0.0178125
1791.792	0.017838542
1792.512	0.017864583
1793.232	0.017864583
1793.952	0.017864583
1794.672	0.017890625
1795.536	0.017890625
1796.256	0.017916667
1796.976	0.017942708
1797.696	0.017942708
1798.416	0.01796875
1799.136	0.018020833
1799.856	0.018463542
1800.576	0.018828125
1801.44	0.019036458
1802.16	0.019583333
1802.88	0.019609375
1803.312	0.02
1803.888	0.020338542
1804.608	0.020677083
1805.184	0.021015625
1806.048	0.021953125
1806.912	0.021979167
1807.92	0.022421875
1808.784	0.022708333
1809.648	0.023307292
1810.512	0.023333333
1811.376	0.023385417
1812.24	0.024348958
1813.392	0.024427083
1814.544	0.024479167
1815.696	0.025078125
1816.704	0.025234375
1817.856	0.025286458
1819.008	0.025338542
1820.448	0.025338542
1822.464	0.025390625
1824.336	0.025416667
1826.208	0.025442708
1828.224	0.025494792
1830.672	0.025885417
1833.12	0.026302083
1835.712	0.0265625
1838.16	0.0265625
1840.608	0.02734375
1843.2	0.02734375
1845.648	0.02734375
1848.096	0.02734375
1851.408	0.02734375
1854.576	0.027604167
1856.88	0.027604167
1859.184	0.027604167
1861.488	0.027604167
1863.648	0.028645833
1865.952	0.02890625
1868.976	0.02890625
1871.856	0.029166667
1874.88	0.029166667
1876.896	0.029947917
1878.912	0.031510417
1881.648	0.031770833
1884.384	0.03203125
1886.976	0.03203125
1889.712	0.032291667
1893.168	0.032552083
1896.624	0.033333333
1900.224	0.033333333
1903.68	0.034375
1907.136	0.034375
1910.592	0.034635417
1914.192	0.036197917
1917.648	0.03671875
1921.104	0.03671875
1924.56	0.037239583
1928.016	0.037239583
1931.616	0.0375
1935.072	0.037760417
1938.528	0.037760417
1941.984	0.037760417
1945.584	0.037760417
1949.04	0.037760417
1952.496	0.037760417
1955.952	0.038020833
1959.552	0.03828125
1964.016	0.03828125
1968.624	0.03828125
1973.088	0.03828125
1978.992	0.03828125
1986.624	0.038541667
1994.4	0.038541667
2004.336	0.038541667
2014.272	0.038541667
2024.208	0.038802083
2034.288	0.038802083
2047.248	0.038802083
2060.208	0.038802083
2073.168	0.0390625
2086.128	0.0390625
2102.976	0.039322917
2119.824	0.039322917
2136.672	0.039322917
2153.52	0.039583333
2175.408	0.039583333
2197.296	0.03984375
2219.184	0.040104167
2241.072	0.040104167
2262.96	0.040364583
2278.368	0.040364583
2289.024	0.040364583
2296.512	0.040625
2304	0.040625
2311.632	0.040625
2319.12	0.040625
2326.608	0.040625
2334.096	0.040885417
2341.584	0.040885417
2351.376	0.040885417
2361.168	0.040885417
2370.96	0.041145833
2380.752	0.041145833
2390.4	0.041145833
2400.192	0.041145833
2409.984	0.04140625
2422.656	0.04140625
2435.328	0.04140625
2444.256	0.041666667
2453.184	0.041666667
2462.112	0.041666667
2470.896	0.041927083
2477.232	0.041927083
2483.424	0.041927083
2489.616	0.0421875
2495.808	0.0421875
2502	0.0421875
2508.336	0.0421875
2514.528	0.0421875
2520.72	0.042447917
2528.784	0.042447917
2536.848	0.042447917
2544.912	0.042447917
2553.12	0.042708333
2558.736	0.042708333
2564.352	0.042708333
2570.112	0.042708333
2575.728	0.04296875
2579.616	0.043229167
2583.648	0.043229167
2587.536	0.043229167
2591.568	0.043229167
2595.456	0.043489583
2599.488	0.043489583
2603.52	0.043489583
2608.56	0.043489583
2613.744	0.043489583
2620.512	0.043489583
2627.136	0.04375
2633.904	0.04375
2640.528	0.04375
2647.296	0.04375
2653.92	0.04375
2660.688	0.044010417
2667.312	0.044010417
2674.08	0.044010417
2680.704	0.044010417
2687.472	0.044270833
2694.096	0.044270833
2700.864	0.044270833
2707.488	0.044270833
2714.256	0.044270833
2718.864	0.04453125
2723.616	0.04453125
2728.224	0.04453125
2732.976	0.04453125
2737.728	0.04453125
2742.336	0.044791667
2747.088	0.044791667
2750.256	0.045052083
2753.568	0.045052083
2756.88	0.045052083
2760.192	0.045052083
2763.504	0.045052083
2766.672	0.045052083
2769.984	0.045052083
2773.296	0.045052083
2776.608	0.0453125
2778.912	0.0453125
2781.216	0.0453125
2783.52	0.0453125
2785.824	0.0453125
2787.984	0.0453125
2790.288	0.0453125
2792.592	0.0453125
2794.896	0.0453125
2797.2	0.0453125
2799.504	0.0453125
2801.808	0.0453125
2804.112	0.0453125
2806.416	0.045572917
2808.72	0.045572917
2811.024	0.045572917
2813.328	0.045572917
2815.632	0.045572917
2817.936	0.045572917
2820.24	0.045572917
2822.544	0.045572917
2824.848	0.045572917
2827.152	0.045572917
2829.456	0.045572917
2831.76	0.045572917
2834.064	0.045572917
2836.368	0.045572917
2838.528	0.045833333
2840.832	0.045833333
2843.136	0.045833333
2845.44	0.045833333
2847.744	0.045833333
2849.328	0.045833333
2851.056	0.045833333
2852.64	0.045833333
2854.224	0.045833333
2856.24	0.045833333
2858.4	0.045833333
2860.56	0.045833333
2862.72	0.045833333
2864.88	0.045833333
2867.04	0.04609375
2869.2	0.04609375
2871.36	0.04609375
2873.52	0.04609375
2875.68	0.04609375
2877.12	0.04609375
2878.56	0.04609375
2880	0.04609375
2881.44	0.04609375
2882.88	0.04609375
2884.32	0.04609375
2885.904	0.04609375
2887.344	0.04609375
2889.216	0.046354167
2891.088	0.046354167
2892.96	0.046354167
2894.976	0.046354167
2896.848	0.046354167
2898.72	0.046354167
2900.592	0.046354167
2902.464	0.046354167
2904.48	0.046354167
2906.352	0.046354167
2908.224	0.046354167
2909.52	0.046354167
2910.96	0.046354167
2912.256	0.046354167
2913.552	0.046354167
2914.848	0.046354167
2916.288	0.046614583
2917.584	0.046614583
2918.88	0.046614583
2920.176	0.046614583
2921.616	0.046614583
2922.912	0.046614583
2924.208	0.046614583
2925.504	0.046614583
2926.944	0.046614583
2927.808	0.046614583
2928.96	0.046614583
2930.256	0.046614583
2931.84	0.046614583
2933.424	0.046614583
2935.008	0.046614583
2936.592	0.046614583
2938.176	0.046614583
2939.76	0.046614583
2941.2	0.046614583
2942.784	0.046875
2944.368	0.046875
2945.952	0.046875
2947.536	0.046875
2949.12	0.046875
2951.136	0.046875
2953.296	0.046875
2955.312	0.046875
2957.328	0.046875
2959.344	0.046875
2961.36	0.046875
2963.52	0.046875
2965.536	0.047135417
2967.552	0.047135417
2969.568	0.047135417
2971.728	0.047135417
2973.744	0.047135417
2975.184	0.047135417
2976.624	0.047135417
2977.632	0.047135417
2978.64	0.047135417
2979.648	0.047135417
2980.656	0.047135417
2981.952	0.047135417
2983.248	0.047135417
2984.544	0.047395833
2985.84	0.047395833
2986.704	0.047395833
2987.712	0.047395833
2988.288	0.047395833
2989.152	0.047395833
2990.016	0.047395833
2990.736	0.047395833
2991.888	0.047395833
2993.328	0.047395833
2994.624	0.047395833
2996.064	0.047395833
2997.936	0.047395833
2999.664	0.047395833
3001.536	0.047395833
3003.408	0.04765625
3005.136	0.04765625
3007.008	0.04765625
3008.88	0.047916667
3010.608	0.047916667
3011.904	0.047916667
3013.2	0.047916667
3014.496	0.047916667
3015.792	0.048177083
3017.088	0.048177083
3018.384	0.048177083
3019.968	0.048177083
3021.696	0.048177083
3023.28	0.048177083
3025.008	0.048177083
3026.592	0.048177083
3028.32	0.048177083
3029.904	0.048177083
3031.2	0.048177083
3032.352	0.048177083
3033.504	0.048177083
3034.656	0.048177083
3035.808	0.048177083
3037.248	0.048177083
3038.832	0.0484375
3040.272	0.0484375
3041.856	0.0484375
3043.296	0.0484375
3044.88	0.0484375
3046.32	0.0484375
3048.336	0.0484375
3050.352	0.0484375
3052.224	0.0484375
3054.24	0.048697917
3056.256	0.048697917
3058.128	0.048697917
3060.144	0.048697917
3062.16	0.048697917
3064.032	0.048697917
3066.048	0.048697917
3067.92	0.048697917
3069.936	0.048697917
3071.952	0.048958333
3073.824	0.048958333
3075.84	0.048958333
3077.856	0.048958333
3079.728	0.048958333
3081.744	0.048958333
3083.76	0.048958333
3085.632	0.04921875
3087.072	0.04921875
3088.368	0.04921875
3089.808	0.04921875
3091.248	0.04921875
3092.544	0.049479167
3093.984	0.049479167
3095.28	0.049479167
3097.152	0.049479167
3098.88	0.049479167
3100.608	0.049479167
3102.48	0.049479167
3104.208	0.049739583
3106.08	0.049739583
3107.232	0.049739583
3108.96	0.049739583
3110.976	0.05
3113.136	0.05
3115.296	0.05
3117.312	0.05
3119.472	0.05
3121.632	0.050260417
3123.792	0.050260417
3125.808	0.050260417
3127.968	0.050260417
3130.128	0.050520833
3132.144	0.050520833
3133.728	0.050520833
3134.736	0.050520833
3135.744	0.05078125
3136.752	0.05078125
3137.76	0.05078125
3138.912	0.05078125
3140.208	0.05078125
3141.504	0.05078125
3142.944	0.05078125
3144.24	0.051041667
3145.536	0.051041667
3146.976	0.051041667
3148.704	0.051041667
3149.856	0.051041667
3151.584	0.051041667
3153.168	0.051041667
3154.752	0.051041667
3156.336	0.051041667
3157.92	0.051041667
3159.504	0.051041667
3161.088	0.051302083
3162.672	0.051302083
3164.256	0.051302083
3165.84	0.051302083
3168	0.051302083
3170.016	0.051302083
3172.032	0.051302083
3174.192	0.051302083
3176.208	0.0515625
3178.368	0.0515625
3180.384	0.0515625
3182.4	0.0515625
3184.56	0.0515625
3186.576	0.051822917
3188.736	0.052083333
3190.752	0.052083333
3192.192	0.052083333
3194.064	0.052083333
3195.936	0.052083333
3197.808	0.052083333
3199.68	0.05234375
3201.552	0.05234375
3203.568	0.05234375
3205.44	0.05234375
3207.312	0.05234375
3209.184	0.05234375
3211.056	0.05234375
3212.928	0.052604167
3214.8	0.052604167
3216.672	0.052604167
3218.544	0.052604167
3219.984	0.052604167
3221.28	0.052864583
3222.576	0.052864583
3223.872	0.052864583
3225.168	0.052864583
3226.464	0.052864583
3227.472	0.053125
3228.336	0.053385417
3229.056	0.053645833
3229.632	0.053645833
3230.496	0.053645833
3231.648	0.053645833
3232.656	0.05390625
3233.808	0.05390625
3234.816	0.054166667
3235.968	0.054166667
3237.408	0.054166667
3238.848	0.054166667
3240.288	0.054427083
3241.584	0.0546875
3243.024	0.054947917
3244.464	0.054947917
3246.336	0.05546875
3248.208	0.055729167
3250.08	0.055989583
3251.952	0.056510417
3253.68	0.05703125
3255.552	0.05703125
3257.424	0.05703125
3259.872	0.05703125
3261.456	0.05703125
3263.184	0.057291667
3264.912	0.057291667
3266.496	0.057291667
3268.224	0.057291667
3269.952	0.057291667
3271.536	0.057291667
3273.264	0.057291667
3274.992	0.057552083
3276.576	0.057552083
3278.88	0.057552083
3281.04	0.057552083
3283.2	0.057552083
3285.36	0.057552083
3287.52	0.057552083
3289.824	0.057552083
3291.984	0.057552083
3294.144	0.057552083
3296.304	0.057552083
3298.464	0.057552083
3300.624	0.057552083
3302.928	0.057552083
3305.088	0.057552083
3307.248	0.0578125
3309.408	0.0578125
3311.568	0.0578125
3313.872	0.0578125
3316.032	0.0578125
3318.768	0.0578125
3321.648	0.0578125
3324.528	0.0578125
3327.408	0.0578125
3330.144	0.0578125
3333.024	0.0578125
3335.904	0.0578125
3338.784	0.0578125
3341.52	0.0578125
3344.4	0.0578125
3346.416	0.0578125
3348.432	0.0578125
3350.448	0.0578125
3352.32	0.0578125
3354.336	0.0578125
3356.352	0.0578125
3358.368	0.0578125
3360.96	0.0578125
3363.552	0.058072917
3366.144	0.058072917
3368.736	0.058072917
3371.328	0.058072917
3373.92	0.058072917
3376.368	0.058072917
3378.96	0.058072917
3381.552	0.058072917
3383.424	0.058072917
3385.728	0.058072917
3388.176	0.058072917
3389.76	0.058072917
3391.488	0.058072917
3393.072	0.058072917
3394.656	0.058072917
3396.384	0.058072917
3397.968	0.058072917
3399.696	0.058072917
3401.28	0.058333333
3403.008	0.058333333
3404.592	0.058333333
3406.752	0.058333333
3408.912	0.058333333
3411.072	0.058333333
3413.232	0.058333333
3415.248	0.058333333
3417.408	0.058333333
3419.568	0.058333333
3421.728	0.058333333
3423.888	0.058333333
3426.048	0.058333333
3428.208	0.058333333
3430.224	0.058333333
3432.384	0.058333333
3434.544	0.058333333
3436.704	0.05859375
3438.864	0.05859375
3441.024	0.05859375
3443.184	0.05859375
3445.344	0.05859375
3447.36	0.05859375
3449.52	0.05859375
3452.4	0.05859375
3455.136	0.05859375
3457.872	0.058854167
3460.752	0.058854167
3462.624	0.058854167
3464.64	0.059114583
3466.512	0.059114583
3469.104	0.059114583
3471.552	0.059114583
3474.144	0.059114583
3476.736	0.059114583
3479.184	0.059114583
3481.776	0.059375
3484.224	0.059375
3486.816	0.059375
3490.128	0.059375
3493.44	0.059375
3496.752	0.059375
3499.92	0.059375
3503.232	0.059375
3506.544	0.059635417
3509.856	0.059635417
3513.168	0.059635417
3516.48	0.059635417
3519.792	0.059895833
3523.104	0.059895833
3527.28	0.059895833
3531.6	0.059895833
3537.216	0.059895833
3542.688	0.059895833
3548.304	0.06015625
3553.92	0.06015625
3559.392	0.06015625
3565.008	0.06015625
3570.624	0.060416667
3574.512	0.060416667
3578.4	0.060416667
3582.288	0.060416667
3586.176	0.060677083
3590.064	0.060677083
3593.952	0.060677083
3597.84	0.060677083
3601.728	0.060677083
3605.616	0.0609375
3609.504	0.0609375
3613.392	0.0609375
3617.28	0.061197917
3620.016	0.061197917
3623.616	0.061197917
3627.072	0.061458333
3630.672	0.061458333
3634.272	0.061458333
3637.728	0.061458333
3642.336	0.06171875
3646.944	0.06171875
3651.552	0.06171875
3657.6	0.061979167
3663.504	0.061979167
3669.552	0.061979167
3675.6	0.061979167
3681.504	0.062239583
3687.552	0.0625
3693.6	0.0625
3699.504	0.063020833
3705.552	0.063020833
3711.456	0.063020833
3717.504	0.063020833
3723.552	0.06328125
3729.456	0.06328125
3735.504	0.06328125
3741.408	0.06328125
3747.456	0.063541667
3753.504	0.063541667
3761.28	0.063802083
3769.056	0.0640625
3776.832	0.0640625
3784.608	0.0640625
3792.384	0.064322917
3800.16	0.064322917
3807.936	0.064583333
3815.712	0.064583333
3823.488	0.06484375
3828.96	0.06484375
3834.432	0.06484375
3839.904	0.065104167
3845.376	0.065104167
3850.848	0.065364583
3856.32	0.065364583
3861.648	0.065625
3867.12	0.065625
3872.592	0.065625
3878.064	0.065885417
3883.536	0.065885417
3889.008	0.066145833
3894.48	0.06640625
3898.224	0.06640625
3902.112	0.06640625
3905.856	0.066666667
3909.744	0.066666667
3913.488	0.066927083
3916.224	0.0671875
3918.816	0.0671875
3921.552	0.067447917
3924.144	0.067447917
3926.88	0.067447917
3929.472	0.067447917
3932.208	0.067447917
3934.944	0.067447917
3938.4	0.067447917
3941.856	0.067447917
3945.312	0.067447917
3949.776	0.067708333
3954.384	0.067708333
3958.848	0.067708333
3963.312	0.067708333
3967.92	0.06796875
3972.384	0.06796875
3976.848	0.06796875
3981.456	0.068229167
3987.36	0.068229167
3991.392	0.068229167
3995.568	0.068229167
3999.6	0.068229167
4003.776	0.068229167
4009.104	0.068229167
4016.016	0.068229167
4022.928	0.068489583
4027.824	0.068489583
4032.72	0.068489583
4037.472	0.068489583
4042.368	0.068489583
4047.264	0.068489583
4052.16	0.068489583
4058.496	0.06875
4064.832	0.06875
4071.024	0.06875
4077.36	0.069010417
4083.696	0.069010417
4090.032	0.069010417
4096.368	0.069270833
4104.576	0.069270833
4112.784	0.069270833
4120.992	0.06953125
4129.2	0.06953125
4137.408	0.06953125
4148.064	0.06953125
4155.552	0.069791667
4163.04	0.069791667
4172.832	0.069791667
4182.48	0.070052083
4192.272	0.070052083
4204.8	0.0703125
4213.728	0.070572917
4225.248	0.070833333
4236.624	0.070833333
4248.144	0.07109375
4259.664	0.071354167
4274.64	0.071614583
4289.616	0.072135417
4304.448	0.07265625
4319.424	0.073177083
4338.864	0.0734375
4358.304	0.073697917
4377.744	0.07421875
4397.184	0.075260417
4416.624	0.0765625
4430.16	0.07734375
4443.84	0.078385417
4457.376	0.079427083
4471.056	0.080729167
4484.592	0.082552083
4498.128	0.082552083
4515.84	0.082552083
4538.88	0.0828125
4568.688	0.083333333
4598.64	0.083333333
4628.448	0.08359375
4658.4	0.08359375
4688.208	0.083854167
4718.16	0.083854167
4747.968	0.084114583
4777.92	0.084375
4816.656	0.084635417
4855.536	0.084895833
4894.416	0.084895833
4933.296	0.084895833
4972.032	0.08515625
5010.912	0.08515625
5049.792	0.08515625
5088.672	0.08515625
5127.408	0.085416667
5166.288	0.085416667
5216.832	0.085416667
5252.112	0.085416667
5287.536	0.085416667
5322.816	0.085416667
5358.24	0.085416667
5393.52	0.085416667
5418.288	0.085416667
5443.056	0.085416667
5460.336	0.085416667
5477.616	0.085416667
5495.04	0.085416667
5512.32	0.085416667
5529.6	0.085416667
5546.88	0.08515625
5564.304	0.08515625
5576.4	0.08515625
5588.496	0.08515625
5600.592	0.08515625
5612.688	0.08515625
5624.928	0.08515625
5637.024	0.08515625
5649.264	0.08515625
5661.648	0.08515625
5673.888	0.08515625
5686.128	0.08515625
5698.512	0.08515625
5710.752	0.08515625
5723.136	0.08515625
5735.376	0.084895833
5743.584	0.084895833
5751.792	0.084895833
5760	0.084895833
5768.496	0.084895833
5776.992	0.084895833
5785.488	0.084895833
5791.392	0.084895833
5797.296	0.084895833
5803.344	0.084895833
5809.248	0.084895833
5815.152	0.084895833
5821.056	0.084895833
5827.104	0.084895833
5833.008	0.084895833
5838.912	0.084895833
5843.088	0.084895833
5847.264	0.084895833
5851.44	0.084895833
5854.32	0.084895833
5857.2	0.084895833
5860.08	0.084895833
5863.968	0.084895833
5867.712	0.084895833
5872.608	0.084895833
5879.088	0.084895833
5885.424	0.084635417
5891.76	0.084635417
5898.24	0.084635417
5904.576	0.084635417
5911.056	0.084635417
5917.392	0.084635417
5923.728	0.084635417
5930.208	0.084635417
5936.544	0.084635417
5943.024	0.084635417
5949.36	0.084635417
5955.696	0.084635417
5962.176	0.084635417
5968.512	0.084635417
5974.992	0.084635417
5981.328	0.084635417
5987.808	0.084635417
5994.144	0.084635417
5998.608	0.084635417
6001.776	0.084635417
6003.936	0.084635417
6006.816	0.084375
6009.696	0.084375
6012.432	0.084375
6016.176	0.084375
6021.072	0.084375
6025.824	0.084375
6030.72	0.084375
6035.472	0.084375
6040.224	0.084375
6046.56	0.084375
6054.768	0.084375
6062.832	0.084375
6071.04	0.084375
6079.104	0.084375
6087.312	0.084375
6095.376	0.084375
6103.584	0.084375
6111.648	0.084375
6119.856	0.084114583
6125.616	0.084114583
6131.232	0.084114583
6136.992	0.084114583
6142.608	0.084114583
6148.368	0.084114583
6154.128	0.084114583
6159.744	0.084114583
6165.504	0.084114583
6169.392	0.084114583
6173.424	0.084114583
6177.456	0.084114583
6181.488	0.084114583
6185.376	0.084114583
6189.408	0.084114583
6193.44	0.084114583
6197.328	0.084114583
6201.36	0.084114583
6205.392	0.084114583
6209.424	0.084114583
6214.608	0.084114583
6219.792	0.084114583
6224.976	0.084114583
6230.16	0.083854167
6235.344	0.083854167
6240.528	0.083854167
6245.712	0.083854167
6250.896	0.083854167
6256.08	0.083854167
6261.264	0.083854167
6266.448	0.083854167
6271.632	0.083854167
6276.816	0.083854167
6282	0.083854167
6287.184	0.083854167
6292.368	0.083854167
6297.552	0.083854167
6302.736	0.083854167
6307.92	0.083854167
6313.104	0.083854167
6318.288	0.083854167
6325.056	0.083854167
6331.824	0.083854167
6338.592	0.08359375
6345.36	0.08359375
6349.968	0.08359375
6354.72	0.08359375
6359.472	0.08359375
6364.224	0.08359375
6370.272	0.08359375
6376.464	0.08359375
6382.656	0.08359375
6388.704	0.08359375
6393.024	0.08359375
6398.64	0.08359375
6404.256	0.08359375
6408.144	0.08359375
6412.032	0.08359375
6417.072	0.08359375
6422.256	0.08359375
6428.736	0.08359375
6435.36	0.08359375
6441.984	0.08359375
6448.608	0.083333333
6455.232	0.083333333
6461.856	0.083333333
6468.48	0.083333333
6475.104	0.083333333
6481.584	0.083333333
6488.208	0.083333333
6494.832	0.083333333
6499.44	0.083333333
6504.048	0.083333333
6508.8	0.083333333
6513.408	0.083333333
6519.312	0.083333333
6525.36	0.083333333
6531.408	0.083333333
6537.456	0.083333333
6543.36	0.083333333
6549.408	0.083333333
6555.456	0.083333333
6561.504	0.083333333
6567.552	0.083333333
6573.456	0.083072917
6579.504	0.083072917
6585.552	0.083072917
6591.6	0.083072917
6599.376	0.083072917
6607.152	0.083072917
6614.928	0.083072917
6622.848	0.083072917
6630.624	0.083072917
6638.4	0.083072917
6646.176	0.083072917
6654.096	0.083072917
6661.872	0.083072917
6669.648	0.083072917
6675.12	0.0828125
6680.592	0.0828125
6686.064	0.0828125
6691.536	0.0828125
6697.008	0.0828125
6702.48	0.0828125
6707.952	0.0828125
6713.424	0.0828125
6720.624	0.0828125
6727.68	0.0828125
6734.736	0.0828125
6741.936	0.0828125
6748.992	0.0828125
6756.192	0.0828125
6761.088	0.0828125
6766.128	0.0828125
6771.024	0.0828125
6777.504	0.0828125
6783.984	0.082552083
6792.48	0.082552083
6800.832	0.082552083
6811.776	0.082552083
6822.72	0.082552083
6833.664	0.082552083
6841.296	0.082552083
6848.928	0.082552083
6856.704	0.082552083
6864.336	0.082291667
6874.272	0.082291667
6884.208	0.082291667
6894.144	0.082291667
6904.08	0.082291667
6914.016	0.082291667
6924.096	0.082291667
6934.032	0.082291667
6943.968	0.082291667
6953.904	0.08203125
6963.84	0.08203125
6973.776	0.08203125
6986.736	0.08203125
6999.696	0.08203125
7012.656	0.08203125
7025.616	0.08203125
7038.576	0.081770833
7051.392	0.081770833
7064.352	0.081770833
7077.312	0.081770833
7090.272	0.081770833
7103.232	0.081770833
7116.192	0.081770833
7129.152	0.081770833
7141.968	0.081510417
7154.928	0.081510417
7171.776	0.081510417
7188.624	0.081510417
7205.472	0.081510417
7222.32	0.081510417
7239.024	0.08125
7250.832	0.08125
7262.64	0.08125
7274.448	0.08125
7286.256	0.08125
7297.92	0.08125
7309.728	0.08125
7321.536	0.08125
7333.344	0.080989583
7345.008	0.080989583
7360.416	0.080989583
7375.68	0.080989583
7390.944	0.080989583
7406.352	0.080989583
7417.008	0.080989583
7427.808	0.080989583
7438.464	0.080729167
7449.12	0.080729167
7463.088	0.080729167
7481.232	0.080729167
7504.704	0.080729167
7528.32	0.080729167
7551.792	0.08046875
7575.408	0.08046875
7598.88	0.08046875
7622.496	0.08046875
7645.968	0.080208333
7669.584	0.080208333
7693.056	0.080208333
7723.728	0.079947917
7754.256	0.079947917
7784.928	0.079947917
7815.6	0.0796875
7846.128	0.0796875
7876.8	0.0796875
7907.328	0.079427083
7938	0.079427083
7968.528	0.079427083
7999.2	0.079427083
8029.728	0.079166667
8069.616	0.079166667
8109.36	0.079166667
8162.496	0.07890625
8215.488	0.07890625
8268.624	0.078645833
8305.632	0.078645833
8330.976	0.078385417
8348.832	0.078385417
8366.544	0.078385417
8384.256	0.078385417
8401.968	0.078385417
8425.872	0.078385417
8456.4	0.078125
8487.072	0.078125
8525.232	0.078125
8582.688	0.077864583
8640	0.077864583
8690.688	0.077604167
8741.376	0.077604167
8807.184	0.07734375
8873.136	0.07734375
8938.944	0.077083333
9024.624	0.076822917
9135.936	0.0765625
9247.248	0.0765625
9325.152	0.076302083
9403.056	0.076041667
9504.432	0.076041667
9636.192	0.07578125
9767.808	0.075520833
9899.568	0.075260417
10079.568	0.074739583
10319.616	0.07421875
10619.712	0.0734375
11069.856	0.07265625
11520	0.071875
11999.952	0.070833333
12600	0.069791667
13500	0.068229167
14400	0.066927083
15360.048	0.065364583
16319.952	0.0640625
17280	0.0625
18720	0.06015625
20160	0.058333333
20639.952	0.057552083
21120.048	0.05703125
21759.984	0.055989583
22400.064	0.055208333
23040	0.054427083
23616	0.05390625
24192	0.053125
25056	0.05234375
25920	0.051302083
26880.048	0.050520833
27839.952	0.049739583
28800	0.048958333
30240	0.047916667
31680	0.047135417
33120	0.046354167
33599.952	0.045833333
34080.048	0.045572917
34560	0.045052083
35136	0.044791667
35903.952	0.044010417
36672.048	0.043489583
37440	0.043229167
38880	0.042447917
40320	0.041666667
41760	0.041145833
43200	0.040364583
44640	0.03984375
45119.952	0.039583333
45600.048	0.039322917
46080	0.039322917
46800	0.0390625
47880	0.038541667
48960	0.03828125
50400	0.037760417
51840	0.037239583
53280	0.03671875
54720	0.036197917
56160	0.0359375
57600	0.035416667
59040	0.034895833
60480	0.034375
61920	0.034114583
63360	0.03359375
64800	0.033333333
66240	0.033072917
67680	0.0328125
69120	0.032552083
70560	0.03203125
72000	0.031770833
73440	0.031510417
74880	0.03125
76320	0.030989583
77760	0.030729167
79200	0.03046875
80640	0.030208333
82080	0.029947917
83520	0.0296875
84960	0.029427083
86400	0.029427083
87840	0.029166667
89280	0.02890625
90720	0.028645833
92160	0.028385417
93600	0.028385417
95040	0.028125
96480	0.027864583
97920	0.027604167
99360	0.027604167
100800	0.02734375
102240	0.027083333
103680	0.026822917
105120	0.026822917
106560	0.0265625
108000	0.026302083
109440	0.026302083
110880	0.026015625
112320	0.025859375
113760	0.025703125
115200	0.025520833
116640	0.025390625
118080	0.025234375
119520	0.025078125
120960	0.024921875
122400	0.024791667
123840	0.024661458
125280	0.02453125
126720	0.024375
128160	0.024244792
129600	0.024114583
131040	0.023984375
132480	0.023854167
133920	0.02375
135360	0.023619792
136800	0.023515625
138240	0.023385417
139680	0.02328125
141120	0.023177083
142560	0.023072917
144000	0.022942708
144000.144	0.022942708
144000.288	0.022942708
144000.576	0.022942708
144000.864	0.022942708
144001.296	0.022942708
144001.872	0.022942708
144002.592	0.022942708
144003.456	0.022942708
144004.608	0.022942708
144006.192	0.022942708
144008.064	0.022942708
144010.656	0.022942708
144014.112	0.022942708
144018.432	0.022942708
144024.48	0.022942708
144031.68	0.022942708
144041.184	0.022942708
144050.832	0.022942708
144060.48	0.022942708
144075.312	0.022942708
144097.344	0.022942708
144119.52	0.022942708
144149.76	0.022942708
144180	0.022942708
144210.24	0.022942708
144240.48	0.022942708
144299.52	0.022916667
144360	0.022916667
144420.48	0.022916667
144479.52	0.022916667
144540	0.022916667
144600.48	0.022916667
144659.52	0.022890625
144720	0.022890625
144780.48	0.022890625
144839.52	0.022890625
144900	0.022890625
144960.48	0.022864583
145019.52	0.022864583
145080	0.022864583
145140.48	0.022864583
145199.52	0.022864583
145260	0.022864583
145320.48	0.022838542
145379.52	0.022838542
145440	0.022838542
145500.48	0.022838542
145559.52	0.022838542
145620	0.022838542
145680.48	0.0228125
145739.52	0.0228125
145800	0.0228125
145860.48	0.0228125
145919.52	0.0228125
145980	0.022786458
146040.48	0.022786458
146099.52	0.022786458
146160	0.022786458
146220.48	0.022786458
146279.52	0.022786458
146340	0.022760417
146400.48	0.022760417
146459.52	0.022760417
146520	0.022760417
146580.48	0.022760417
146639.52	0.022760417
146700	0.022734375
146760.48	0.022734375
146819.52	0.022734375
146880	0.022734375
146940.48	0.022734375
146999.52	0.022734375
147060	0.022708333
147120.48	0.022708333
147179.52	0.022708333
147240	0.022708333
147300.48	0.022708333
147359.52	0.022708333
147420	0.022682292
147480.48	0.022682292
147539.52	0.022682292
147600	0.022682292
147660.48	0.022682292
147719.52	0.022682292
147780	0.022682292
147840.48	0.02265625
147899.52	0.02265625
147960	0.02265625
148020.48	0.02265625
148079.52	0.02265625
148140	0.02265625
148200.48	0.02265625
148259.52	0.022630208
148320	0.022630208
148380.48	0.022630208
148439.52	0.022630208
148500	0.022630208
148560.48	0.022630208
148619.52	0.022630208
148680	0.022604167
148740.48	0.022604167
148799.52	0.022604167
148860	0.022604167
148920.48	0.022604167
148979.52	0.022604167
149040	0.022604167
149100.48	0.022604167
149159.52	0.022578125
149220	0.022578125
149280.48	0.022578125
149339.52	0.022578125
149400	0.022578125
149460.48	0.022578125
149519.52	0.022578125
149580	0.022578125
149640.48	0.022552083
149699.52	0.022552083
149760	0.022552083
149820.48	0.022552083
149879.52	0.022552083
149940	0.022552083
150000.48	0.022552083
150059.52	0.022552083
150120	0.022552083
150180.48	0.022526042
150239.52	0.022526042
150300	0.022526042
150360.48	0.022526042
150419.52	0.022526042
150480	0.022526042
150540.48	0.022526042
150599.52	0.022526042
150660	0.022526042
150720.48	0.022526042
150779.52	0.022526042
150840	0.022526042
150900.48	0.0225
150959.52	0.0225
151020	0.0225
151080.48	0.0225
151139.52	0.0225
151200	0.0225
151260.48	0.0225
151319.52	0.0225
151380	0.0225
151440.48	0.0225
151499.52	0.0225
151560	0.0225
151620.48	0.0225
151679.52	0.0225
151740	0.0225
151800.48	0.0225
151859.52	0.0225
151920	0.0225
151980.48	0.0225
152039.52	0.0225
152100	0.0225
152160.48	0.0225
152219.52	0.0225
152280	0.0225
152340.48	0.022526042
152399.52	0.022526042
152460	0.022526042
152520.48	0.022526042
152579.52	0.022526042
152640	0.022526042
152700.48	0.022526042
152759.52	0.022526042
152820	0.022552083
152880.48	0.022552083
152939.52	0.022552083
153000	0.022552083
153060.48	0.022552083
153119.52	0.022552083
153180	0.022578125
153240.48	0.022578125
153299.52	0.022578125
153360	0.022578125
153420.48	0.022604167
153479.52	0.022604167
153540	0.022604167
153600.48	0.022630208
153659.52	0.022630208
153720	0.022630208
153780.48	0.02265625
153839.52	0.02265625
153900	0.022682292
153960.48	0.022864583
154019.52	0.023203125
154080	0.02375
154140.48	0.024401042
154199.52	0.025130208
154260	0.0259375
154320.48	0.026822917
154379.52	0.027604167
154440	0.028385417
154500.48	0.029166667
154559.52	0.029947917
154620	0.030729167
154680.48	0.031510417
154739.52	0.032552083
154800	0.033333333
154860.48	0.034114583
154919.52	0.034895833
154980	0.035677083
155040.48	0.036458333
155099.52	0.037239583
155160	0.038020833
155220.48	0.038802083
155279.52	0.039583333
155340	0.040364583
155400.48	0.04140625
155459.52	0.041927083
155520	0.042708333
155580.48	0.043489583
155639.52	0.04453125
155700	0.0453125
155760.48	0.04609375
155819.52	0.046875
155880	0.04765625
155940.48	0.048697917
155999.52	0.049479167
156029.76	0.05
156060	0.050260417
156120.48	0.051302083
156179.52	0.052083333
156240	0.053125
156300.48	0.054427083
156330	0.054947917
156359.52	0.055729167
156389.76	0.056510417
156420	0.0578125
156440.16	0.05859375
156460.32	0.058854167
156480.48	0.059635417
156500.208	0.060677083
156513.312	0.061458333
156526.416	0.061979167
156539.52	0.0625
156554.64	0.063020833
156569.76	0.063541667
156579.84	0.0640625
156586.608	0.064583333
156593.232	0.06484375
156600	0.065364583
156607.488	0.065625
156615.12	0.066145833
156622.608	0.066666667
156630.24	0.066927083
156637.728	0.0671875
156645.36	0.067447917
156652.848	0.06796875
156660.48	0.068229167
156667.824	0.06875
156675.312	0.069010417
156682.656	0.069270833
156690	0.069791667
156697.344	0.070052083
156702.96	0.070572917
156708.432	0.070833333
156714.048	0.071354167
156719.52	0.071875
156724.848	0.072395833
156730.32	0.07265625
156737.52	0.072916667
156744.576	0.073177083
156751.632	0.0734375
156758.688	0.073697917
156765.888	0.07421875
156772.944	0.074479167
156780	0.074739583
156786.768	0.075
156793.392	0.075260417
156800.16	0.07578125
156806.928	0.076041667
156813.552	0.0765625
156820.32	0.076822917
156830.4	0.077083333
156840.48	0.077604167
156848.976	0.078125
156857.328	0.07890625
156865.824	0.079427083
156874.176	0.079947917
156882.672	0.08046875
156891.024	0.08125
156899.52	0.081770833
156908.16	0.082291667
156916.8	0.0828125
156925.44	0.083072917
156934.08	0.08359375
156942.72	0.084114583
156951.36	0.084635417
156960	0.085416667
156968.64	0.0859375
156975.12	0.086458333
156981.6	0.086979167
156988.08	0.087239583
156994.56	0.087760417
157001.04	0.08828125
157005.936	0.088802083
157010.832	0.0890625
157015.584	0.089322917
157020.48	0.089583333
157026.384	0.090364583
157032.288	0.090885417
157040.208	0.091666667
157047.984	0.0921875
157055.904	0.092708333
157063.824	0.093229167
157071.6	0.09375
157079.52	0.094791667
157087.152	0.0953125
157094.64	0.095833333
157102.128	0.096354167
157109.76	0.096875
157117.248	0.097916667
157124.88	0.0984375
157132.368	0.098958333
157140	0.09921875
157147.632	0.099739583
157155.12	0.100260417
157162.608	0.10078125
157170.24	0.101041667
157177.872	0.1015625
157185.36	0.102083333
157192.992	0.102604167
157200.48	0.103125
157210.272	0.103645833
157217.328	0.104166667
157224.384	0.1046875
157231.44	0.10546875
157238.496	0.105989583
157245.408	0.106770833
157252.464	0.107291667
157259.52	0.1078125
157266.288	0.108072917
157272.912	0.108333333
157279.68	0.108854167
157286.448	0.109114583
157293.072	0.109375
157299.84	0.109895833
157306.608	0.110416667
157313.232	0.1109375
157320	0.111458333
157326.768	0.11171875
157333.392	0.112239583
157340.16	0.112760417
157346.928	0.11328125
157355.28	0.113541667
157363.632	0.114322917
157372.128	0.11484375
157380.48	0.115364583
157388.976	0.115885417
157397.328	0.11640625
157405.824	0.116666667
157414.176	0.1171875
157422.672	0.117447917
157431.024	0.11796875
157439.52	0.118229167
157448.16	0.118489583
157454.64	0.11875
157461.12	0.119010417
157468.896	0.119270833
157476.672	0.11953125
157484.448	0.119791667
157492.224	0.1203125
157500	0.120572917
157510.08	0.120833333
157520.16	0.121354167
157530.24	0.121614583
157540.32	0.122135417
157550.4	0.122395833
157560.48	0.12265625
157570.272	0.122916667
157580.208	0.123177083
157590	0.123697917
157604.832	0.123958333
157612.176	0.12421875
157619.52	0.124479167
157629.6	0.124739583
157639.68	0.125
157649.76	0.125520833
157659.84	0.12578125
157669.92	0.126302083
157680	0.126822917
157690.08	0.127083333
157700.16	0.127604167
157706.928	0.127864583
157713.552	0.128125
157720.32	0.128385417
157727.088	0.128645833
157733.712	0.12890625
157740.48	0.129166667
157748.976	0.129427083
157757.328	0.1296875
157765.824	0.129947917
157774.176	0.129947917
157782.672	0.130208333
157791.024	0.13046875
157799.52	0.13046875
157811.616	0.130729167
157823.712	0.13125
157835.808	0.131770833
157847.904	0.13203125
157860	0.132291667
157867.488	0.132552083
157875.12	0.1328125
157882.608	0.1328125
157890.24	0.133072917
157897.728	0.133333333
157905.36	0.13359375
157912.992	0.133854167
157920.48	0.133854167
157927.824	0.134114583
157935.312	0.134375
157942.656	0.134375
157951.872	0.134895833
157961.088	0.13515625
157970.304	0.135416667
157979.52	0.135677083
157989.6	0.1359375
157996.8	0.136197917
158004	0.136458333
158011.2	0.13671875
158018.4	0.136979167
158025.6	0.137239583
158032.8	0.137239583
158040	0.1375
158047.632	0.1375
158055.12	0.137760417
158064.192	0.137760417
158073.264	0.138020833
158082.336	0.138020833
158100.48	0.13828125
158112.288	0.138802083
158124.096	0.1390625
158135.904	0.139322917
158147.712	0.139583333
158159.52	0.13984375
158171.616	0.13984375
158183.712	0.140104167
158195.808	0.140364583
158207.904	0.140625
158220	0.140625
158235.12	0.140885417
158250.24	0.141145833
158265.36	0.14140625
158280.48	0.141666667
158292.288	0.141927083
158304.096	0.1421875
158315.904	0.142708333
158327.712	0.14296875
158339.52	0.143229167
158351.616	0.143229167
158363.712	0.143489583
158375.808	0.14375
158387.904	0.14375
158400	0.144270833
158412.096	0.14453125
158428.224	0.14453125
158444.352	0.144791667
158460.48	0.145052083
158480.208	0.145052083
158499.792	0.1453125
158519.52	0.145572917
158531.616	0.145833333
158547.744	0.14609375
158563.872	0.146354167
158580	0.146614583
158595.12	0.146614583
158617.728	0.146875
158640.48	0.147135417
158660.208	0.147395833
158679.792	0.14765625
158699.52	0.147916667
158719.68	0.148177083
158739.84	0.1484375
158760	0.148697917
158775.12	0.148958333
158790.24	0.14921875
158805.36	0.149479167
158820.48	0.149739583
158835.312	0.15
158850	0.15
158879.52	0.150520833
158899.68	0.15078125
158919.84	0.151041667
158940	0.151302083
158970.24	0.1515625
159000.48	0.152083333
159030	0.15234375
159059.52	0.152864583
159089.76	0.153125
159120	0.153385417
159150.24	0.153645833
159180.48	0.15390625
159210	0.154166667
159239.52	0.154427083
159259.68	0.1546875
159273.072	0.154947917
159286.608	0.154947917
159300	0.154947917
159315.12	0.155208333
159330.24	0.155208333
159345.36	0.15546875
159360.48	0.15546875
159375.312	0.155729167
159390	0.155729167
159404.688	0.155989583
159419.52	0.15625
159434.64	0.15625
159457.392	0.156510417
159480	0.156510417
159510.24	0.156770833
159540.48	0.15703125
159570	0.15703125
159599.52	0.157291667
159629.76	0.157552083
159660	0.157552083
159690.24	0.1578125
159720.48	0.1578125
159750	0.158072917
159779.52	0.158333333
159809.76	0.15859375
159840	0.15859375
159870.24	0.158854167
159900.48	0.158854167
159930	0.159114583
159959.52	0.159114583
159989.76	0.159375
160020	0.159635417
160050.24	0.159635417
160080.48	0.159895833
160139.52	0.16015625
160200	0.160416667
160260.48	0.160416667
160319.52	0.160677083
160380	0.160677083
160440.48	0.1609375
160499.52	0.1609375
160529.76	0.161197917
160560	0.161197917
160590.24	0.161197917
160620.48	0.161458333
160650	0.161458333
160679.52	0.16171875
160699.68	0.16171875
160719.84	0.16171875
160740	0.161979167
160755.12	0.161979167
160770.24	0.161979167
160785.36	0.161979167
160800.48	0.161979167
160815.312	0.161979167
160837.344	0.161979167
160859.52	0.161979167
160879.68	0.161979167
160899.84	0.161979167
160920	0.162239583
160950.24	0.161979167
160980.48	0.162239583
161010	0.162239583
161039.52	0.162239583
161069.76	0.162239583
161100	0.162239583
161130.24	0.162239583
161160.48	0.162239583
161190	0.162239583
161219.52	0.162239583
161249.76	0.162239583
161280	0.161979167
161310.24	0.161979167
161340.48	0.161979167
161370	0.161979167
161399.52	0.161979167
161429.76	0.161979167
161460	0.161979167
161490.24	0.16171875
161520.48	0.16171875
161550	0.16171875
161579.52	0.16171875
161609.76	0.16171875
161640	0.16171875
161700.48	0.161458333
161759.52	0.161458333
161820	0.161458333
161850.24	0.161458333
161880.48	0.161458333
161910	0.161458333
161939.52	0.161458333
162000	0.161197917
162060.48	0.161197917
162119.52	0.161197917
162180	0.161197917
162240.48	0.1609375
162299.52	0.1609375
162329.76	0.1609375
162360	0.1609375
162390.24	0.160677083
162420.48	0.160677083
162450	0.160677083
162479.52	0.160677083
162509.76	0.160677083
162540	0.160677083
162600.48	0.160416667
162659.52	0.160416667
162720	0.160416667
162780.48	0.16015625
162839.52	0.16015625
162900	0.16015625
162960.48	0.16015625
162990	0.16015625
163019.52	0.16015625
163049.76	0.16015625
163080	0.16015625
163110.24	0.16015625
163140.48	0.16015625
163170	0.16015625
163199.52	0.16015625
163229.76	0.16015625
163260	0.160416667
163290.24	0.160677083
163320.48	0.1609375
163350	0.161197917
163379.52	0.161197917
163409.76	0.161197917
163440	0.161197917
163500.48	0.161197917
163559.52	0.161197917
163620	0.161197917
163680.48	0.1609375
163739.52	0.1609375
163800	0.160677083
163860.48	0.160677083
163919.52	0.160416667
163980	0.160416667
164040.48	0.16015625
164099.52	0.16015625
164160	0.159895833
164220.48	0.159635417
164279.52	0.159635417
164340	0.159375
164400.48	0.159375
164459.52	0.159114583
164520	0.159114583
164580.48	0.158854167
164639.52	0.158854167
164700	0.15859375
164760.48	0.15859375
164819.52	0.15859375
164880	0.15859375
164940.48	0.158333333
164999.52	0.158333333
165060	0.158072917
165120.48	0.158072917
165179.52	0.1578125
165240	0.1578125
165300.48	0.1578125
165359.52	0.1578125
165420	0.157552083
165480.48	0.1578125
165539.52	0.1578125
165600	0.157552083
165660.48	0.157291667
165719.52	0.15703125
165780	0.15703125
165840.48	0.156770833
165899.52	0.156510417
165960	0.156510417
166020.48	0.15625
166079.52	0.155989583
166140	0.155989583
166200.48	0.155729167
166259.52	0.15546875
166320	0.15546875
166350.24	0.15546875
166380.48	0.15546875
166410	0.15546875
166439.52	0.15546875
166469.76	0.15546875
166500	0.15546875
166530.24	0.155729167
166560.48	0.155989583
166590	0.155989583
166619.52	0.155989583
166649.76	0.155989583
166680	0.155989583
166710.24	0.155729167
166740.48	0.155729167
166799.52	0.155729167
166860	0.15546875
166920.48	0.15546875
166979.52	0.155208333
167040	0.155208333
167100.48	0.155208333
167159.52	0.155208333
167220	0.154947917
167280.48	0.1546875
167339.52	0.1546875
167400	0.1546875
167460.48	0.154427083
167519.52	0.154166667
167580	0.154166667
167640.48	0.15390625
167699.52	0.153645833
167760	0.153385417
167820.48	0.153125
167879.52	0.152864583
167940	0.152864583
168000.48	0.152604167
168059.52	0.15234375
168120	0.152083333
168180.48	0.151822917
168239.52	0.1515625
168300	0.151302083
168360.48	0.151041667
168419.52	0.15078125
168480	0.150520833
168540.48	0.150520833
168599.52	0.150260417
168660	0.15
168720.48	0.149739583
168779.52	0.149479167
168840	0.148958333
168900.48	0.148697917
168959.52	0.1484375
169020	0.148177083
169080.48	0.147916667
169139.52	0.14765625
169200	0.147135417
169260.48	0.146875
169319.52	0.146614583
169380	0.146354167
169440.48	0.146354167
169499.52	0.14609375
169560	0.145833333
169620.48	0.145572917
169679.52	0.1453125
169740	0.145052083
169800.48	0.145052083
169859.52	0.144791667
169920	0.14453125
169980.48	0.144270833
170039.52	0.144010417
170100	0.144010417
170160.48	0.14375
170219.52	0.143489583
170280	0.143229167
170340.48	0.14296875
170399.52	0.14296875
170460	0.142708333
170520.48	0.142447917
170579.52	0.1421875
170640	0.141927083
170700.48	0.141666667
170759.52	0.14140625
170820	0.141145833
170880.48	0.141145833
170939.52	0.140885417
171000	0.140625
171060.48	0.140364583
171119.52	0.140104167
171180	0.13984375
171240.48	0.139583333
171299.52	0.139322917
171360	0.1390625
171420.48	0.138802083
171479.52	0.138541667
171540	0.13828125
171600.48	0.138020833
171659.52	0.137760417
171720	0.1375
171780.48	0.137239583
171839.52	0.136979167
171900	0.13671875
171960.48	0.136458333
172019.52	0.136197917
172080	0.1359375
172140.48	0.135677083
172199.52	0.135416667
172260	0.13515625
172320.48	0.134895833
172379.52	0.134635417
172440	0.134375
172500.48	0.134114583
172559.52	0.133854167
172620	0.13359375
172680.48	0.133072917
172739.52	0.1328125
172800	0.132552083
172860.48	0.132291667
172919.52	0.13203125
172980	0.131770833
173040.48	0.131510417
173099.52	0.13125
173160	0.130989583
173220.48	0.130729167
173279.52	0.13046875
173340	0.129947917
173400.48	0.1296875
173459.52	0.129427083
173520	0.129166667
173580.48	0.12890625
173639.52	0.128645833
173700	0.128385417
173760.48	0.128125
173819.52	0.127864583
173880	0.127604167
173940.48	0.12734375
173999.52	0.126822917
174060	0.1265625
174120.48	0.126302083
174179.52	0.126041667
174240	0.12578125
174300.48	0.125520833
174359.52	0.125260417
174420	0.125
174480.48	0.124739583
174539.52	0.124479167
174600	0.123958333
174660.48	0.123697917
174719.52	0.1234375
174780	0.123177083
174840.48	0.122916667
174899.52	0.12265625
174960	0.122395833
175020.48	0.122135417
175079.52	0.121875
175140	0.121614583
175200.48	0.121354167
175259.52	0.12109375
175320	0.120833333
175380.48	0.1203125
175439.52	0.120052083
175500	0.119791667
175560.48	0.11953125
175619.52	0.119270833
175680	0.119010417
175740.48	0.11875
175740.624	0.11875
175740.768	0.11875
175741.056	0.11875
175741.344	0.11875
175741.776	0.11875
175742.352	0.11875
175743.072	0.11875
175743.936	0.11875
175745.088	0.11875
175746.672	0.11875
175748.544	0.11875
175751.136	0.11875
175754.592	0.11875
175759.056	0.118489583
175764.816	0.118489583
175771.728	0.118489583
175780.944	0.118489583
175799.52	0.118489583
175799.664	0.118489583
175799.808	0.118489583
175800.096	0.118489583
175800.384	0.118489583
175800.816	0.118489583
175801.392	0.118489583
175802.112	0.118489583
175802.976	0.118489583
175804.128	0.118489583
175805.712	0.118489583
175807.584	0.118489583
175810.176	0.118489583
175813.632	0.118489583
175817.952	0.118229167
175824	0.118229167
175831.2	0.118229167
175840.704	0.118229167
175850.352	0.118229167
175860	0.118229167
175860.144	0.118229167
175860.288	0.118229167
175860.576	0.118229167
175860.864	0.118229167
175861.296	0.118229167
175861.872	0.118229167
175862.592	0.118229167
175863.456	0.118229167
175864.608	0.118229167
175866.192	0.118229167
175868.064	0.118229167
175870.656	0.118229167
175874.112	0.118229167
175878.432	0.118229167
175884.48	0.118229167
175891.68	0.11796875
175901.184	0.11796875
175910.832	0.11796875
175920.48	0.11796875
175920.624	0.11796875
175920.768	0.11796875
175921.056	0.11796875
175921.344	0.11796875
175921.776	0.11796875
175922.352	0.11796875
175923.072	0.11796875
175923.936	0.11796875
175925.088	0.11796875
175926.672	0.11796875
175928.544	0.11796875
175931.136	0.11796875
175934.592	0.11796875
175939.056	0.11796875
175944.816	0.11796875
175951.728	0.11796875
175960.944	0.11796875
175979.52	0.11796875
175994.64	0.11796875
176017.248	0.11796875
176040	0.11796875
176070.24	0.11796875
176100.48	0.11796875
176130	0.118229167
176159.52	0.118229167
176220	0.11875
176280.48	0.119010417
176339.52	0.11953125
176400	0.120052083
176460.48	0.120572917
176519.52	0.121354167
176580	0.122135417
176640.48	0.12265625
176699.52	0.123697917
176760	0.124479167
176820.48	0.125260417
176879.52	0.126041667
176940	0.126822917
177000.48	0.127864583
177059.52	0.128645833
177120	0.1296875
177180.48	0.130729167
177239.52	0.13203125
177300	0.133333333
177360.48	0.13515625
177419.52	0.13671875
177480	0.138802083
177540.48	0.140885417
177599.52	0.143229167
177660	0.145572917
177720.48	0.147916667
177779.52	0.150520833
177840	0.153125
177900.48	0.155989583
177959.52	0.15859375
178020	0.16171875
178080.48	0.16484375
178139.52	0.16875
178200	0.172916667
178260.48	0.176302083
178280.208	0.177604167
178299.792	0.178645833
178319.52	0.1796875
178339.68	0.18046875
178359.84	0.181510417
178380	0.182552083
178400.16	0.183333333
178420.32	0.184375
178440.48	0.185416667
178470	0.18671875
178499.52	0.18828125
178529.76	0.189583333
178544.88	0.190364583
178560	0.191145833
178580.16	0.191927083
178600.32	0.19296875
178620.48	0.19375
178640.208	0.194791667
178659.792	0.195833333
178679.52	0.196875
178699.68	0.197916667
178719.84	0.198697917
178740	0.199739583
178755.12	0.200520833
178770.24	0.201302083
178785.36	0.20234375
178800.48	0.203125
178815.312	0.203645833
178837.344	0.2046875
178859.52	0.205729167
178879.68	0.206770833
178899.84	0.2078125
178920	0.208854167
178940.16	0.209895833
178960.32	0.2109375
178980.48	0.211979167
179000.208	0.212760417
179019.792	0.213802083
179039.52	0.21484375
179059.68	0.215885417
179079.84	0.216666667
179100	0.217447917
179120.16	0.218489583
179140.32	0.219270833
179160.48	0.220052083
179180.208	0.22109375
179199.792	0.221875
179219.52	0.22265625
179239.68	0.2234375
179280	0.225
179310.24	0.226302083
179340.48	0.227604167
179370	0.22890625
179399.52	0.230208333
179429.76	0.231510417
179460	0.232552083
179490.24	0.233854167
179520.48	0.234895833
179550	0.236197917
179564.832	0.236979167
179579.52	0.2375
179599.68	0.238541667
179619.84	0.239583333
179640	0.240364583
179660.16	0.241145833
179680.32	0.241666667
179700.48	0.242447917
179720.208	0.24296875
179739.792	0.24375
179759.52	0.24453125
179779.68	0.2453125
179793.072	0.245833333
179806.608	0.246354167
179820	0.246875
179835.12	0.24765625
179850.24	0.248177083
179865.36	0.248697917
179880.48	0.249479167
179900.208	0.25
179939.52	0.251302083
179969.76	0.252083333
180000	0.253125
180030.24	0.25390625
180060.48	0.2546875
180090	0.255729167
180119.52	0.256770833
180149.76	0.257552083
180180	0.25859375
180210.24	0.259635417
180240.48	0.260416667
180260.208	0.260416667
180273.312	0.260416667
180286.416	0.263020833
180299.52	0.263020833
180311.616	0.263020833
180323.712	0.263020833
180335.808	0.263020833
180347.904	0.263020833
180360	0.263020833
180380.16	0.265625
180400.32	0.265625
180420.48	0.265625
180440.208	0.265625
180479.52	0.268229167
180509.76	0.268229167
180540	0.268229167
180570.24	0.268229167
180600.48	0.270833333
180630	0.270833333
180659.52	0.270833333
180689.76	0.2734375
180720	0.2734375
180750.24	0.2734375
180780.48	0.2734375
180810	0.2734375
180839.52	0.276041667
180869.76	0.276041667
180900	0.276041667
180930.24	0.278645833
180960.48	0.278645833
180990	0.278645833
181019.52	0.278645833
181049.76	0.278645833
181080	0.28125
181110.24	0.28125
181140.48	0.28125
181170	0.28125
181199.52	0.28125
181229.76	0.28125
181260	0.283854167
181290.24	0.283854167
181320.48	0.283854167
181379.52	0.283854167
181440	0.283854167
181500.48	0.286458333
181530	0.286458333
181559.52	0.286458333
181589.76	0.286458333
181620	0.286458333
181680.48	0.286458333
181739.52	0.2890625
181800	0.2890625
181860.48	0.2890625
181919.52	0.2890625
181949.76	0.2890625
181980	0.2890625
182010.24	0.2890625
182040.48	0.2890625
182070	0.2890625
182099.52	0.2890625
182129.76	0.2890625
182160	0.2890625
182190.24	0.291666667
182220.48	0.291666667
182250	0.291666667
182279.52	0.291666667
182340	0.291666667
182400.48	0.291666667
182459.52	0.291666667
182520	0.291666667
182580.48	0.291666667
182639.52	0.291666667
182700	0.291666667
182760.48	0.291666667
182819.52	0.291666667
182880	0.291666667
182940.48	0.291666667
182999.52	0.291666667
183060	0.291666667
183120.48	0.291666667
183179.52	0.291666667
183240	0.291666667
183300.48	0.291666667
183359.52	0.291666667
183420	0.291666667
183480.48	0.291666667
183539.52	0.291666667
183600	0.2890625
183660.48	0.2890625
183719.52	0.2890625
183780	0.2890625
183840.48	0.2890625
183899.52	0.2890625
183960	0.2890625
184020.48	0.2890625
184079.52	0.2890625
184140	0.2890625
184200.48	0.2890625
184259.52	0.2890625
184320	0.2890625
184380.48	0.2890625
184439.52	0.2890625
184500	0.2890625
184560.48	0.286458333
184619.52	0.286458333
184680	0.286458333
184740.48	0.286458333
184799.52	0.286458333
184860	0.286458333
184920.48	0.286458333
184979.52	0.283854167
185040	0.283854167
185100.48	0.283854167
185159.52	0.283854167
185220	0.283854167
185280.48	0.283854167
185339.52	0.28125
185400	0.28125
185460.48	0.28125
185519.52	0.28125
185580	0.28125
185640.48	0.278645833
185699.52	0.278645833
185760	0.278645833
185820.48	0.278645833
185879.52	0.278645833
185940	0.276041667
186000.48	0.276041667
186059.52	0.276041667
186120	0.276041667
186180.48	0.2734375
186239.52	0.2734375
186300	0.2734375
186360.48	0.2734375
186419.52	0.2734375
186480	0.270833333
186540.48	0.270833333
186599.52	0.270833333
186660	0.268229167
186720.48	0.268229167
186779.52	0.268229167
186840	0.268229167
186900.48	0.265625
186959.52	0.265625
187020	0.265625
187080.48	0.263020833
187139.52	0.263020833
187200	0.263020833
187260.48	0.263020833
187319.52	0.260416667
187380	0.260416667
187440.48	0.259895833
187499.52	0.259375
187560	0.25859375
187620.48	0.2578125
187679.52	0.257291667
187679.664	0.257291667
187679.808	0.257291667
187680.096	0.257291667
187680.384	0.257291667
187680.816	0.257291667
187681.392	0.257291667
187682.112	0.257291667
187682.976	0.25703125
187684.128	0.25703125
187685.712	0.25703125
187687.584	0.25703125
187690.176	0.25703125
187693.632	0.25703125
187697.952	0.25703125
187704	0.25703125
187711.2	0.25703125
187720.704	0.25703125
187730.352	0.256770833
187740	0.256770833
187740.144	0.256770833
187740.288	0.256770833
187740.576	0.256770833
187740.864	0.256770833
187741.296	0.256770833
187741.872	0.256770833
187742.592	0.256770833
187743.456	0.256770833
187744.608	0.256770833
187746.192	0.256770833
187748.064	0.256770833
187750.656	0.256770833
187754.112	0.256770833
187758.432	0.256770833
187764.48	0.256770833
187771.68	0.256770833
187781.184	0.256770833
187790.832	0.25703125
187800.48	0.25703125
187815.312	0.25703125
187837.344	0.257291667
187859.52	0.257552083
187879.68	0.2578125
187920	0.258333333
187950.24	0.258854167
187980.48	0.259635417
188010	0.26015625
188039.52	0.260416667
188100	0.263020833
188160.48	0.265625
188219.52	0.265625
188280	0.268229167
188340.48	0.270833333
188399.52	0.2734375
188460	0.276041667
188520.48	0.278645833
188579.52	0.28125
188640	0.283854167
188640.144	0.283854167
188640.288	0.283854167
188640.576	0.283854167
188640.864	0.283854167
188641.296	0.283854167
188641.872	0.283854167
188642.592	0.283854167
188643.456	0.283854167
188644.608	0.283854167
188646.192	0.283854167
188648.064	0.283854167
188650.656	0.283854167
188654.112	0.283854167
188658.432	0.283854167
188664.048	0.283854167
188671.392	0.283854167
188681.04	0.28125
188693.568	0.28125
188709.696	0.28125
188730.72	0.28125
188758.08	0.28125
188793.648	0.28125
188829.216	0.278645833
188875.584	0.278645833
188935.632	0.276041667
189013.824	0.2734375
189092.016	0.2734375
189170.064	0.270833333
189248.256	0.268229167
189326.448	0.265625
189434.16	0.263020833
189541.728	0.260416667
189676.368	0.25703125
189810.864	0.25390625
189945.504	0.251041667
190080	0.248177083
190251.792	0.24453125
190474.992	0.240104167
190751.04	0.234895833
191119.248	0.228125
191487.456	0.221875
191855.52	0.215625
192223.728	0.21015625
192591.792	0.2046875
192960	0.199739583
193320	0.195052083
193824	0.188541667
194328	0.1828125
195084	0.174739583
195840	0.1671875
196416	0.161979167
197183.952	0.155208333
197952.048	0.148958333
198720	0.14296875
199680.048	0.136458333
200639.952	0.13046875
201600	0.125
202560.048	0.119791667
203519.952	0.115104167
204480	0.110677083
205440.048	0.106510417
206399.952	0.102864583
207360	0.099479167
208800	0.094791667
210240	0.090625
211680	0.086979167
213120	0.083333333
214560	0.0796875
216000	0.0765625
217440	0.0734375
218880	0.070833333
219840.048	0.069270833
220799.952	0.067708333
221760	0.065885417
223200	0.063802083
224640	0.061979167
226080	0.060416667
227520	0.05859375
228960	0.05703125
230400	0.055729167
230879.952	0.055208333
231360.048	0.0546875
231840	0.05390625
232560	0.053125
233280	0.052604167
234000	0.051822917
235080	0.05078125
236160	0.05
237600	0.048697917
239040	0.04765625
240480	0.046614583
241920	0.045572917
243360	0.04453125
243839.952	0.044270833
244320.048	0.044010417
244800	0.04375
245520	0.043229167
246600	0.042708333
247680	0.041927083
249120	0.04140625
250560	0.040625
252000	0.03984375
253440	0.0390625
254880	0.038541667
256320	0.037760417
257760	0.037239583
259200	0.036458333
260640	0.0359375
262080	0.035416667
263520	0.034895833
264960	0.034375
266400	0.033854167
267840	0.033333333
269280	0.033072917
270720	0.032552083
272160	0.032291667
273600	0.03203125
275040	0.031770833
276480	0.031510417
277920	0.03125
279360	0.030989583
280800	0.030729167
282240	0.03046875
283680	0.030208333
285120	0.029947917
286560	0.0296875
288000	0.0296875
289440	0.029427083
290880	0.029166667
292320	0.02890625
293760	0.02890625
295200	0.028645833
296640	0.028385417
298080	0.028385417
299520	0.028125
300960	0.027864583
302400	0.027864583
303840	0.027604167
305280	0.027604167
306720	0.02734375
308160	0.027083333
309600	0.026822917
311040	0.026822917
312480	0.0265625
313920	0.026302083
315360	0.026302083
316800	0.026041667
318240	0.0259375
319680	0.02578125
321120	0.025625
322560	0.025494792
324000	0.025338542
325440	0.025208333
326880	0.025078125
328320	0.024947917
329760	0.024817708
331200	0.0246875
332640	0.024583333
334080	0.024453125
335520	0.024348958
336960	0.02421875
338400	0.024088542
339840	0.023984375
341280	0.023880208
342720	0.02375
344160	0.023645833
345600	0.023541667
347040	0.0234375
348480	0.023333333
349920	0.023229167
351360	0.023125
352800	0.023020833
354240	0.022916667
355680	0.022838542
357120	0.022734375
358560	0.022630208
360000	0.022552083
361440	0.022447917
362880	0.02234375
364320	0.022239583
365760	0.022161458
367200	0.022057292
368640	0.021953125
370080	0.021848958
371520	0.021744792
372960	0.021640625
374400	0.0215625
375840	0.021458333
377280	0.021354167
378720	0.021276042
380160	0.021197917
381600	0.02109375
383040	0.021015625
384480	0.020911458
385920	0.020833333
387360	0.020755208
388800	0.020677083
390240	0.020598958
391680	0.020520833
393120	0.020442708
394560	0.020364583
396000	0.020286458
397440	0.020208333
398880	0.020130208
400320	0.020052083
401760	0.02
403200	0.019921875
404640	0.01984375
406080	0.019765625
407520	0.019713542
408960	0.019635417
410400	0.019557292
411840	0.019505208
413280	0.019427083
414720	0.019375
416160	0.019296875
417600	0.01921875
419040	0.019166667
420480	0.019088542
421920	0.019036458
423360	0.018958333
424800	0.01890625
426240	0.018828125
427680	0.018776042
429120	0.018697917
430560	0.018619792
432000	0.018567708
433440	0.018489583
434880	0.0184375
436320	0.018359375
437760	0.018307292
439200	0.018229167
440640	0.018177083
442080	0.018098958
443520	0.018046875
444960	0.01796875
446400	0.017916667
447840	0.017864583
449280	0.017786458
450720	0.017734375
452160	0.017682292
453600	0.017630208
455040	0.017552083
456480	0.0175
457920	0.017447917
459360	0.017395833
460800	0.01734375
462240	0.017291667
463680	0.017213542
465120	0.017161458
466560	0.017109375
468000	0.017057292
469440	0.017005208
470880	0.016953125
472320	0.016901042
473760	0.016848958
475200	0.016796875
476640	0.016744792
478080	0.01671875
479520	0.016666667
480960	0.016614583
482400	0.0165625
483840	0.016510417
485280	0.016458333
486720	0.01640625
488160	0.016354167
489600	0.016302083
491040	0.01625
492480	0.016197917
493920	0.016145833
495360	0.016119792
496800	0.016067708
498240	0.016015625
499680	0.015963542
501120	0.015911458
502560	0.015859375
504000	0.015807292
505440	0.01578125
506880	0.015729167
508320	0.015677083
509760	0.015625
511200	0.015572917
512640	0.015546875
514080	0.015494792
515520	0.015442708
516960	0.015390625
518400	0.015364583
519840	0.0153125
521280	0.015260417
522720	0.015234375
524160	0.015182292
525600	0.015130208
527040	0.015104167
528480	0.015052083
529920	0.015
531360	0.014973958
532800	0.014921875
534240	0.014895833
535680	0.01484375
537120	0.014817708
538560	0.014765625
540000	0.014739583
541440	0.0146875
542880	0.014661458
544320	0.014609375
545760	0.014583333
547200	0.01453125
548640	0.014505208
550080	0.014453125
551520	0.014427083
552960	0.014375
554400	0.014348958
555840	0.014296875
557280	0.014270833
558720	0.01421875
560160	0.014192708
561600	0.014140625
563040	0.014114583
564480	0.0140625
565920	0.014036458
567360	0.013984375
568800	0.013958333
570240	0.01390625
571680	0.013880208
573120	0.013854167
574560	0.013802083
576000	0.013776042
577440	0.013723958
578880	0.013697917
580320	0.013671875
581760	0.013619792
583200	0.01359375
584640	0.013567708
586080	0.013515625
587520	0.013489583
588960	0.013463542
590400	0.0134375
591840	0.013385417
593280	0.013359375
594720	0.013333333
596160	0.013307292
597600	0.013255208
599040	0.013229167
600480	0.013203125
601920	0.013177083
603360	0.013151042
604800	0.013098958
606240	0.013072917
607680	0.013046875
609120	0.013020833
610560	0.012994792
612000	0.012942708
613440	0.012916667
614880	0.012890625
616320	0.012864583
617760	0.012838542
619200	0.0128125
620640	0.012760417
622080	0.012734375
623520	0.012708333
624960	0.012682292
626400	0.01265625
627840	0.012630208
629280	0.012578125
630720	0.012552083
632160	0.012526042
633600	0.0125
635040	0.012473958
636480	0.012447917
637920	0.012421875
639360	0.012369792
640800	0.01234375
642240	0.012317708
643680	0.012291667
645120	0.012265625
646560	0.012239583
648000	0.012213542
649440	0.0121875
650880	0.012161458
652320	0.012135417
653760	0.012109375
655200	0.012083333
656640	0.012057292
658080	0.01203125
659520	0.011979167
660960	0.011953125
662400	0.011927083
663840	0.011901042
665280	0.011875
666720	0.011848958
668160	0.011822917
669600	0.011796875
671040	0.011770833
672480	0.011744792
673920	0.01171875
675360	0.011692708
676800	0.011666667
678240	0.011666667
679680	0.011640625
681120	0.011614583
682560	0.011588542
684000	0.0115625
685440	0.011536458
686880	0.011510417
688320	0.011484375
689760	0.011458333
691200	0.011432292
692640	0.01140625
694080	0.011380208
695520	0.011354167
696960	0.011328125
698400	0.011302083
699840	0.011276042
701280	0.01125
702720	0.011223958
704160	0.011197917
705600	0.011197917
707040	0.011171875
708480	0.011145833
709920	0.011119792
711360	0.01109375
712800	0.011067708
714240	0.011041667
715680	0.011015625
717120	0.010989583
718560	0.010989583
720000	0.010963542
721440	0.0109375
722880	0.010911458
724320	0.010885417
725760	0.010859375
727200	0.010833333
728640	0.010833333
730080	0.010807292
731520	0.01078125
732960	0.010755208
734400	0.010729167
735840	0.010703125
737280	0.010703125
738720	0.010677083
740160	0.010651042
741600	0.010625
743040	0.010598958
744480	0.010572917
745920	0.010572917
747360	0.010546875
748800	0.010520833
750240	0.010494792
751680	0.01046875
753120	0.010442708
754560	0.010442708
756000	0.010416667
757440	0.010390625
758880	0.010364583
760320	0.010338542
761760	0.010338542
763200	0.0103125
764640	0.010286458
766080	0.010260417
767520	0.010234375
768960	0.010234375
770400	0.010208333
771840	0.010182292
773280	0.01015625
774720	0.01015625
776160	0.010130208
777600	0.010104167
779040	0.010078125
780480	0.010052083
781920	0.010052083
783360	0.010026042
784800	0.01
786240	0.009973958
787680	0.009973958
789120	0.009947917
790560	0.009921875
792000	0.009895833
793440	0.009895833
794880	0.009869792
796320	0.00984375
797760	0.009817708
799200	0.009817708
800640	0.009791667
802080	0.009765625
803520	0.009739583
804960	0.009739583
806400	0.009713542
807840	0.0096875
809280	0.0096875
810720	0.009661458
812160	0.009635417
813600	0.009609375
815040	0.009609375
816480	0.009583333
817920	0.009557292
819360	0.009557292
820800	0.00953125
822240	0.009505208
823680	0.009479167
825120	0.009479167
826560	0.009453125
828000	0.009427083
829440	0.009427083
830880	0.009401042
832320	0.009375
833760	0.009375
835200	0.009348958
836640	0.009322917
838080	0.009322917
839520	0.009296875
840960	0.009270833
842400	0.009270833
843840	0.009244792
845280	0.00921875
846720	0.00921875
848160	0.009192708
849600	0.009166667
851040	0.009166667
852480	0.009140625
853920	0.009114583
855360	0.009114583
856800	0.009088542
858240	0.0090625
859680	0.0090625
861120	0.009036458
862560	0.009010417
864000	0.009010417
865440	0.008984375
866880	0.008958333
868320	0.008958333
869760	0.008932292
871200	0.008932292
872640	0.00890625
874080	0.008880208
875520	0.008880208
876960	0.008854167
878400	0.008828125
879840	0.008828125
881280	0.008802083
882720	0.008776042
884160	0.008776042
885600	0.00875
887040	0.00875
888480	0.008723958
889920	0.008697917
891360	0.008697917
892800	0.008671875
894240	0.008645833
895680	0.008645833
897120	0.008619792
898560	0.008619792
900000	0.00859375
901440	0.008567708
902880	0.008567708
904320	0.008541667
905760	0.008541667
907200	0.008515625
908640	0.008489583
910080	0.008489583
911520	0.008463542
912960	0.008463542
914400	0.0084375
915840	0.008411458
917280	0.008411458
918720	0.008385417
920160	0.008385417
921600	0.008359375
923040	0.008333333
924480	0.008333333
925920	0.008307292
927360	0.008307292
928800	0.00828125
930240	0.008255208
931680	0.008255208
933120	0.008229167
934560	0.008229167
936000	0.008203125
937440	0.008203125
938880	0.008177083
940320	0.008151042
941760	0.008151042
943200	0.008125
944640	0.008125
946080	0.008098958
947520	0.008098958
948960	0.008072917
950400	0.008046875
951840	0.008046875
953280	0.008020833
954720	0.008020833
956160	0.007994792
957600	0.007994792
959040	0.00796875
960480	0.007942708
961920	0.007942708
963360	0.007916667
964800	0.007916667
966240	0.007890625
967680	0.007890625
969120	0.007864583
970560	0.007864583
972000	0.007838542
973440	0.007838542
974880	0.0078125
976320	0.007786458
977760	0.007786458
979200	0.007760417
980640	0.007760417
982080	0.007734375
983520	0.007734375
984960	0.007708333
986400	0.007708333
987840	0.007682292
989280	0.007682292
990720	0.00765625
992160	0.00765625
993600	0.007630208
995040	0.007630208
996480	0.007604167
997920	0.007578125
999360	0.007578125
1000800	0.007552083
1002240	0.007552083
1003680	0.007526042
1005120	0.007526042
1006560	0.0075
1008000	0.0075
1009440	0.007473958
1010880	0.007473958
1012320	0.007447917
1013760	0.007447917
1015200	0.007421875
1016640	0.007421875
1018080	0.007395833
1019520	0.007395833
1020960	0.007369792
1022400	0.007369792
1023840	0.00734375
1025280	0.00734375
1026720	0.007317708
1028160	0.007317708
1029600	0.007291667
1031040	0.007291667
1032480	0.007265625
1033920	0.007265625
1035360	0.007239583
1036800	0.007239583
1038240	0.007213542
1039680	0.007213542
1041120	0.0071875
1042560	0.0071875
1044000	0.007161458
1045440	0.007161458
1046880	0.007135417
1048320	0.007135417
1049760	0.007109375
1051200	0.007109375
1052640	0.007083333
1054080	0.007083333
1055520	0.007057292
1056960	0.007057292
1058400	0.00703125
1059840	0.00703125
1061280	0.00703125
1062720	0.007005208
1064160	0.007005208
1065600	0.006979167
1067040	0.006979167
1068480	0.006953125
1069920	0.006953125
1071360	0.006927083
1072800	0.006927083
1074240	0.006901042
1075680	0.006901042
1077120	0.006875
1078560	0.006875
1080000	0.006848958
1081440	0.006848958
1082880	0.006848958
1084320	0.006822917
1085760	0.006822917
1087200	0.006796875
1088640	0.006796875
1090080	0.006770833
1091520	0.006770833
1092960	0.006744792
1094400	0.006744792
1095840	0.00671875
1097280	0.00671875
1098720	0.00671875
1100160	0.006692708
1101600	0.006692708
1103040	0.006666667
1104480	0.006666667
1105920	0.006640625
1107360	0.006640625
1108800	0.006614583
1110240	0.006614583
1111680	0.006614583
1113120	0.006588542
1114560	0.006588542
1116000	0.0065625
1117440	0.0065625
1118880	0.006536458
1120320	0.006536458
1121760	0.006510417
1123200	0.006510417
1124640	0.006510417
1126080	0.006484375
1127520	0.006484375
1128960	0.006458333
1130400	0.006458333
1131840	0.006432292
1133280	0.006432292
1134720	0.006432292
1136160	0.00640625
1137600	0.00640625
1139040	0.006380208
1140480	0.006380208
1141920	0.006380208
1143360	0.006354167
1144800	0.006354167
1146240	0.006328125
1147680	0.006328125
1149120	0.006302083
1150560	0.006302083
1152000	0.006302083
