4189	
0.144	0
0.288	0
0.576	0
0.864	0
1.296	0
1.872	0
2.592	0
3.456	0
4.608	0
6.192	0
8.064	0
10.656	0
14.112	0
18.432	0
24.048	0
31.392	0
41.04	0
53.568	0
69.696	0
90.72	0
118.08	0
153.648	0
199.872	0
260.064	0
320.256	0
340.272	0
360.288	0
380.304	0
400.32	0
420.336	0
434.448	0
444.24	0
447.552	0
450.864	0
454.032	0
456.336	0
458.64	0
460.224	0
461.376	0
462.528	0
463.68	0
464.688	0
465.84	0
466.704	0
467.424	0
468.288	0
469.008	0
469.872	0
470.592	0
471.312	0
472.176	0
472.896	0
473.76	0
474.336	0
474.624	0
475.056	0
475.488	0
475.776	0
476.208	0
476.64	0
477.072	0
477.36	0
477.792	0
478.08	0
478.512	0
478.8	0
479.088	0
479.52	0
479.952	0
480.384	0
480.816	0
481.392	0
481.824	0
482.256	0
482.688	0
483.12	0
483.552	0
484.272	0
484.992	0
485.712	0
486.72	0
487.728	0
488.736	0
489.744	0
490.752	0
491.76	0
492.768	0
493.776	0
494.784	0
495.792	0
496.512	0
497.088	0
497.808	0
498.528	0
499.104	0
499.536	0
499.824	0
500.256	0
500.832	0
501.264	0
501.696	0
502.128	0
502.56	0
502.992	0
503.424	0
503.856	0
504.144	0
504.576	0
504.864	0
505.152	0
505.296	0
505.584	0
505.872	0
506.016	0
506.304	0
506.448	0
506.736	0
507.168	0
507.456	0
508.032	0
508.464	0
508.896	0
509.472	0
509.904	0
510.336	0
510.912	0
511.344	0
511.776	0
512.352	0
512.784	0
513.216	0
513.792	0
514.224	0
514.656	0
515.232	0
515.664	0
516.096	0
516.672	0
517.104	0
517.536	0
518.112	0
518.544	0
518.976	0
519.408	0
519.696	0
519.984	0
520.416	0
520.704	0
520.992	0
521.424	0
521.712	0
522	0
522.432	0
522.72	0
523.008	0
523.44	0
523.728	0
524.016	0
524.448	0
524.736	0
525.168	0
525.6	0
525.888	0
526.32	0
526.752	0
527.04	0
527.472	0
527.904	0
528.336	0
528.768	0
529.056	0
529.488	0
529.92	0
530.352	0
530.64	0
531.072	0
531.504	0
531.936	0
532.224	0
532.656	0
533.088	0
533.52	0
533.808	0
534.24	0
534.672	0
535.104	0
535.392	0
535.68	0
535.968	0
536.112	0
536.4	0
536.688	0
536.976	0
537.264	0
537.408	0
537.552	0
537.84	0
537.984	0
538.128	0
538.416	0
538.56	0
538.704	0
538.992	0
539.136	0
539.424	0
539.568	0
539.712	0
540	0
540.144	0
540.288	0
540.576	0
540.72	0
541.008	0
541.296	0
541.584	0
541.728	0
542.016	0
542.304	0
542.592	0
542.736	0
543.024	0
543.312	0
543.6	0
543.888	0
544.032	0
544.32	0
544.608	0
544.896	0
545.184	0
545.616	0
545.76	0
546.048	0
546.192	0
546.48	0
546.768	0
546.912	0
547.2	0
547.344	0
547.776	0
548.064	0
548.352	0
548.64	0
548.928	0
549.216	0
549.504	0
549.792	0
550.224	0
550.656	0
550.944	0
551.376	0
551.664	0
551.952	0
552.24	0
552.384	0
552.528	0
552.672	0
552.816	0
552.96	0
553.248	0
553.392	0
553.68	0
553.968	0
554.112	0
554.4	0
554.544	0
554.832	0
554.976	0
555.264	0
555.552	0
555.84	0
556.128	0
556.416	0
556.704	0
556.992	0
557.28	0
557.424	0
557.568	0
557.856	0
558	0
558.288	0
558.432	0
558.72	0
558.864	0
559.008	0
559.296	0
559.44	0
559.728	0
559.872	0
560.16	0
560.304	0
560.592	0
560.88	0
561.168	0
561.312	0
561.6	0
561.744	0
561.888	0
562.176	0
562.464	0
562.608	0
562.896	0
563.184	0
563.328	0
563.616	0
563.904	0
564.048	0
564.336	0
564.624	0
564.768	0
565.056	0
565.344	0
565.632	0
565.776	0
566.064	0
566.352	0
566.496	0
566.784	0
567.072	0
567.216	0
567.504	0
567.648	0
567.792	0
568.08	0
568.224	0
568.512	0
568.8	0
568.944	0
569.232	0
569.376	0
569.664	0
569.808	0
570.096	0
570.24	0
570.528	0
570.672	0
570.96	0
571.248	0
571.392	0
571.68	0
571.824	0
571.968	0
572.256	0
572.4	0
572.688	0
572.832	0
572.976	0
573.264	0
573.408	0
573.696	0
573.84	0
573.984	0
574.272	0
574.56	0
574.704	0
574.992	0
575.28	0
575.568	0
575.856	0
576	0
576.144	0
576.432	0
576.576	0
576.72	0
576.864	0
577.152	0
577.296	0
577.584	0
577.872	0
578.016	0
578.304	0
578.592	0
578.736	0
579.024	0
579.168	0
579.456	0
579.744	0
579.888	0
580.176	0
580.464	0
580.608	0
580.752	0
581.04	0
581.184	0
581.472	0
581.616	0
581.904	0
582.048	0
582.336	0
582.48	0
582.768	0
582.912	0
583.2	0
583.488	0
583.776	0
584.064	0
584.352	0
584.64	0
584.928	0
585.216	0
585.504	0
585.792	0
586.08	0
586.368	0
586.656	0
586.944	0
587.232	0
587.52	0
587.808	0
588.096	0
588.384	0
588.672	0
588.96	0
589.248	0
589.536	0
589.68	0
590.112	0
590.544	0
590.688	0
590.976	0
591.264	0
591.552	0
591.696	0
591.984	0
592.272	0
592.56	0
592.848	0
592.992	0
593.28	0
593.568	0
593.856	0
594	0
594.288	0
594.432	0
594.72	0
595.008	0
595.44	0
595.728	0
596.16	0
596.592	0
596.88	0
597.312	0
597.6	0
598.032	0
598.176	0
598.464	0
598.752	0
599.04	0
599.184	0
599.472	0
599.76	0
600.048	0
600.192	0
600.48	0
600.768	0
601.056	0
601.2	0
601.488	0
601.776	0
602.064	0
602.208	0
602.352	0
602.496	0
602.784	0
602.928	0
603.216	0
603.648	0
603.936	0
604.08	0
604.224	0
604.512	0
604.656	0
604.944	0
605.088	0
605.376	0
605.52	0
605.808	0
605.952	0
606.384	0
606.816	0
607.248	0
607.68	0
608.256	0
608.688	0
609.12	0
609.552	0
609.984	0
610.416	0
610.704	0
610.992	0
611.28	0
611.568	0
612	0
612.288	0
612.576	0
612.864	0
613.296	0
613.584	0
613.872	0
614.304	0
614.736	0
615.168	0
615.6	0
615.888	0
616.464	0
617.04	0
617.616	0
618.048	0
618.624	0
619.2	0
619.776	0
620.496	0
621.216	0
621.792	0
622.512	0
623.52	0
624.096	0
624.816	0
625.392	0
625.968	0
626.688	0
627.264	0
628.128	0
628.992	0
630	0
631.152	0
632.16	0
633.6	0
635.04	0
636.48	0
637.776	0
639.216	0
640.656	0
642.096	0
643.392	0
644.832	0
646.704	0
649.008	0
652.176	0
656.208	0
661.392	0
668.16	0
672.912	0
679.104	0
685.296	0
693.36	0
701.28	0
709.344	0
717.408	0
725.472	0
733.392	0
741.456	0
749.52	0
757.584	0
767.952	0
781.488	0
799.2	0
822.096	0
844.992	0
867.888	0
897.696	0
927.504	0
966.24	0
979.2	0
996.048	0
1012.752	0
1024.56	0
1036.224	0
1048.032	0
1056.24	0
1062	0
1067.76	0
1071.792	0
1074.672	0
1077.408	0
1079.424	0
1081.44	0
1083.312	0
1085.328	0
1087.344	0
1089.36	0
1091.232	0
1093.248	0
1095.84	0
1098.432	0
1101.744	0
1105.056	0
1108.368	0
1111.68	0
1115.136	0
1118.448	0
1121.76	0
1125.072	0
1128.384	0
1131.84	0
1136.16	0
1140.48	0
1143.504	0
1146.528	0
1149.552	0
1152.576	0
1155.6	0
1158.624	0
1161.648	0
1164.816	0
1168.704	0
1172.592	0
1176.624	0
1180.512	0
1184.544	0
1188.432	0
1192.464	0
1195.2	0
1198.8	0
1202.4	0
1206	0
1209.6	0
1213.2	0
1216.656	0
1219.248	0
1221.696	0
1224.288	0
1226.736	0
1229.328	0
1231.776	0
1234.368	0
1236.816	0
1238.544	0
1240.848	0
1243.152	0
1245.456	0
1247.76	0
1250.784	0
1254.672	0
1257.264	0
1259.28	0
1261.728	0
1264.176	0
1267.344	0
1271.52	0
1275.696	0
1278.576	0
1281.456	0
1283.616	0
1285.632	0
1288.224	0
1290.96	0
1293.552	0
1296.144	0
1298.88	0
1301.472	0
1304.208	0
1307.664	0
1311.12	0
1314.576	0
1319.04	0
1323.504	0
1327.968	0
1332.432	0
1336.896	0
1341.36	0
1344.528	0
1346.688	0
1348.992	0
1351.152	0
1353.312	0
1355.472	0
1357.776	0
1359.936	0
1362.096	0
1363.68	0
1365.696	0
1367.712	0
1369.584	0
1371.6	0
1373.616	0
1376.208	0
1378.8	0
1382.256	0
1385.568	0
1389.024	0
1392.336	0
1395.792	0
1399.104	0
1402.56	0
1405.872	0
1409.328	0
1412.64	0
1415.952	0
1419.408	0
1423.728	0
1426.896	0
1429.92	0
1432.944	0
1436.112	0
1439.136	0
1442.304	0
1445.328	0
1448.352	0
1451.52	0
1454.544	0
1457.568	0
1460.736	0
1463.76	0
1467.792	0
1472.976	0
1478.16	0
1483.344	0
1488.528	0
1493.712	0
1498.896	0
1504.08	0
1507.824	0
1511.424	0
1515.024	0
1517.616	0
1520.064	0
1522.656	0
1525.968	0
1529.28	0
1532.592	0
1535.904	0
1539.216	0
1542.528	0
1545.84	0
1549.152	0
1552.464	0
1555.776	0
1558.08	0
1560.384	0
1562.688	0
1564.992	0
1567.296	0
1569.024	0
1570.608	0
1572.192	0
1573.776	0
1574.928	0
1576.08	0
1577.232	0
1578.384	0
1579.536	0
1580.688	0
1581.84	0
1582.992	0
1584	0
1585.152	0
1586.736	0
1587.744	0
1588.752	0
1589.76	0
1590.768	0
1591.776	0
1592.928	0
1593.936	0
1594.944	0
1595.952	0
1596.96	0
1598.4	0
1600.128	0
1601.856	0
1603.584	0
1605.312	0
1607.04	0
1608.768	0
1610.064	0
1611.216	0.000421875
1612.512	0.000684896
1613.664	0.0006875
1614.96	0.000690104
1616.112	0.000692708
1617.408	0.000692708
1618.56	0.000695313
1619.856	0.000697917
1621.008	0.000700521
1622.304	0.000703125
1623.456	0.000705729
1625.04	0.000708333
1626.624	0.000710938
1628.208	0.000716146
1629.792	0.00071875
1631.376	0.000723958
1632.96	0.000729167
1635.12	0.000739583
1637.136	0.000960938
1639.152	0.001447917
1640.736	0.002138021
1642.176	0.002148438
1643.616	0.002148438
1645.056	0.002151042
1646.496	0.002151042
1647.936	0.002153646
1649.376	0.002153646
1650.816	0.00215625
1652.256	0.002161458
1653.696	0.002164063
1655.136	0.002166667
1656.576	0.002166667
1657.584	0.002169271
1658.592	0.002169271
1659.6	0.002171875
1660.608	0.002171875
1661.616	0.002174479
1662.624	0.002174479
1663.632	0.002174479
1664.64	0.002177083
1665.648	0.002177083
1666.944	0.002179688
1668.24	0.002630208
1669.68	0.002838542
1670.976	0.002838542
1672.272	0.002838542
1673.568	0.002864583
1674.864	0.002864583
1676.16	0.002864583
1677.888	0.002864583
1679.616	0.002864583
1680.768	0.002864583
1682.064	0.002994792
1683.216	0.003541667
1684.368	0.003541667
1685.664	0.003541667
1686.816	0.003567708
1687.968	0.003567708
1689.264	0.003567708
1690.416	0.003567708
1691.568	0.003567708
1692.432	0.003567708
1693.296	0.00359375
1694.304	0.00359375
1695.456	0.00359375
1696.608	0.003697917
1697.616	0.004296875
1698.768	0.004296875
1700.208	0.004296875
1701.504	0.004348958
1702.512	0.004348958
1703.52	0.004348958
1704.528	0.004401042
1705.536	0.004479167
1706.544	0.005104167
1707.552	0.005208333
1708.56	0.0053125
1709.424	0.0053125
1710.432	0.0053125
1711.728	0.005885417
1713.024	0.006015625
1714.32	0.006041667
1715.616	0.006875
1716.912	0.008229167
1718.208	0.009557292
1719.504	0.0096875
1720.8	0.009765625
1722.096	0.01015625
1723.392	0.010598958
1724.688	0.010651042
1725.984	0.012395833
1727.28	0.014479167
1728.576	0.014713542
1729.872	0.014739583
1731.168	0.014739583
1732.752	0.014895833
1734.48	0.015390625
1736.064	0.016354167
1737.792	0.016640625
1739.52	0.016666667
1741.104	0.016666667
1742.832	0.016692708
1744.56	0.01671875
1746.144	0.016848958
1747.872	0.017838542
1749.6	0.018177083
1750.752	0.018177083
1751.904	0.018177083
1753.056	0.018177083
1754.208	0.018203125
1755.792	0.01828125
1757.232	0.018359375
1758.816	0.018411458
1760.256	0.018411458
1761.84	0.018489583
1763.424	0.018489583
1764.864	0.018671875
1766.88	0.020234375
1769.472	0.020598958
1772.064	0.020625
1774.656	0.020651042
1777.248	0.020677083
1779.696	0.020703125
1782.288	0.020755208
1784.88	0.021432292
1787.472	0.021484375
1790.064	0.021510417
1792.656	0.021536458
1795.248	0.021588542
1797.84	0.021692708
1800.432	0.021979167
1803.024	0.022369792
1805.472	0.022395833
1808.064	0.022421875
1810.656	0.022447917
1812.528	0.022578125
1814.256	0.022682292
1816.128	0.022708333
1817.856	0.023489583
1819.728	0.024244792
1821.456	0.024322917
1823.328	0.024348958
1825.056	0.024375
1826.928	0.024401042
1828.656	0.024479167
1830.528	0.024557292
1832.4	0.024609375
1833.552	0.0246875
1834.848	0.024713542
1836.144	0.024713542
1837.44	0.024739583
1838.592	0.024765625
1839.456	0.024791667
1840.464	0.02484375
1841.328	0.024947917
1842.192	0.025
1843.056	0.025026042
1843.92	0.025052083
1844.784	0.025182292
1845.936	0.02578125
1847.088	0.0265625
1848.24	0.027083333
1849.392	0.027083333
1850.544	0.02734375
1851.696	0.027604167
1852.848	0.029166667
1854.432	0.029166667
1855.872	0.029166667
1857.312	0.029166667
1858.896	0.029427083
1860.336	0.030208333
1861.776	0.03046875
1863.36	0.03125
1864.8	0.031510417
1866.384	0.031510417
1867.392	0.031510417
1868.688	0.031510417
1870.128	0.031510417
1871.424	0.031770833
1872.864	0.031770833
1874.16	0.031770833
1875.456	0.031770833
1876.896	0.03203125
1878.192	0.03203125
1879.632	0.03203125
1880.928	0.0328125
1882.368	0.033333333
1883.664	0.033333333
1885.104	0.033333333
1886.4	0.033854167
1887.696	0.033854167
1889.136	0.033854167
1890.432	0.033854167
1891.872	0.033854167
1893.168	0.034114583
1894.608	0.034114583
1895.904	0.034114583
1897.2	0.034114583
1898.64	0.034114583
1899.936	0.034114583
1901.376	0.034375
1902.672	0.034635417
1904.112	0.034635417
1905.408	0.034635417
1906.848	0.034635417
1908.144	0.034635417
1909.44	0.034895833
1910.88	0.034895833
1912.176	0.034895833
1913.616	0.03515625
1914.912	0.03515625
1916.352	0.035416667
1917.648	0.036458333
1918.944	0.036458333
1920.384	0.036458333
1921.68	0.036458333
1923.12	0.03671875
1924.416	0.036979167
1925.856	0.037239583
1927.152	0.037239583
1928.592	0.037239583
1929.888	0.0375
1931.184	0.038020833
1932.624	0.03828125
1933.92	0.03828125
1935.36	0.03828125
1936.656	0.03828125
1938.096	0.038541667
1939.392	0.038541667
1940.832	0.038802083
1942.128	0.03984375
1943.424	0.040364583
1944.864	0.040364583
1946.16	0.040364583
1947.6	0.040364583
1948.896	0.040364583
1950.336	0.040625
1951.632	0.040625
1952.928	0.040885417
1954.368	0.040885417
1955.664	0.040885417
1957.104	0.040885417
1958.4	0.040885417
1959.408	0.041145833
1959.984	0.041666667
1960.704	0.041666667
1961.424	0.041666667
1962	0.041666667
1962.864	0.041666667
1963.728	0.041666667
1964.88	0.041927083
1966.032	0.041927083
1967.472	0.041927083
1969.344	0.041927083
1970.784	0.041927083
1972.512	0.041927083
1974.24	0.041927083
1976.4	0.041927083
1978.704	0.041927083
1981.008	0.041927083
1983.168	0.0421875
1985.472	0.0421875
1987.632	0.0421875
1989.936	0.0421875
1992.24	0.0421875
1995.12	0.042447917
1998	0.042447917
2001.888	0.042447917
2005.632	0.042447917
2009.52	0.042447917
2012.112	0.042447917
2015.568	0.042447917
2020.032	0.042447917
2024.64	0.042708333
2029.104	0.042708333
2033.568	0.042708333
2038.032	0.042708333
2043.936	0.042708333
2049.84	0.042708333
2055.6	0.04296875
2061.504	0.04296875
2067.264	0.04296875
2073.168	0.04296875
2080.8	0.04296875
2090.592	0.043229167
2100.528	0.043229167
2110.464	0.043229167
2123.28	0.043229167
2136.096	0.043489583
2148.912	0.043489583
2161.872	0.04375
2174.688	0.04375
2187.504	0.04375
2200.32	0.044010417
2213.28	0.044010417
2226.096	0.044010417
2238.912	0.044270833
2251.728	0.044270833
2264.688	0.04453125
2277.504	0.04453125
2290.32	0.04453125
2303.136	0.044791667
2312.208	0.044791667
2323.872	0.044791667
2332.08	0.044791667
2340.288	0.045052083
2348.496	0.045052083
2356.56	0.045052083
2362.32	0.045052083
2368.08	0.0453125
2373.84	0.0453125
2379.6	0.0453125
2385.216	0.0453125
2390.976	0.0453125
2396.736	0.045572917
2402.496	0.045572917
2408.256	0.045572917
2413.872	0.045572917
2421.36	0.045572917
2428.848	0.045833333
2436.192	0.045833333
2443.68	0.045833333
2448.864	0.045833333
2452.608	0.045833333
2456.208	0.04609375
2459.808	0.04609375
2463.552	0.04609375
2467.152	0.04609375
2470.896	0.04609375
2474.496	0.04609375
2478.096	0.046354167
2481.84	0.046354167
2485.44	0.046614583
2489.04	0.046614583
2492.784	0.046614583
2496.384	0.046614583
2499.984	0.046875
2503.728	0.046875
2507.328	0.046875
2510.928	0.046875
2513.52	0.046875
2516.112	0.046875
2518.704	0.046875
2522.016	0.046875
2525.328	0.046875
2528.64	0.046875
2531.952	0.046875
2534.256	0.047135417
2537.28	0.047135417
2540.304	0.047135417
2544.192	0.047135417
2549.376	0.047135417
2556	0.047135417
2562.624	0.047395833
2569.248	0.047395833
2575.872	0.047395833
2582.496	0.047395833
2589.12	0.04765625
2595.888	0.04765625
2602.512	0.04765625
2609.136	0.04765625
2615.76	0.047916667
2622.384	0.047916667
2629.008	0.047916667
2635.632	0.048177083
2642.256	0.048177083
2648.88	0.048177083
2653.632	0.048177083
2658.24	0.0484375
2661.552	0.0484375
2664.72	0.0484375
2668.032	0.048697917
2671.2	0.048697917
2674.512	0.048697917
2677.824	0.048697917
2680.992	0.048697917
2684.304	0.048697917
2687.472	0.048697917
2690.784	0.048697917
2694.096	0.048697917
2697.264	0.048697917
2700.576	0.048958333
2703.744	0.048958333
2707.056	0.048958333
2710.368	0.048958333
2713.536	0.048958333
2716.848	0.048958333
2720.016	0.048958333
2723.328	0.048958333
2726.64	0.048958333
2729.808	0.04921875
2733.12	0.04921875
2736.288	0.04921875
2739.6	0.04921875
2742.768	0.04921875
2746.08	0.04921875
2748.384	0.04921875
2750.688	0.04921875
2752.992	0.04921875
2755.152	0.04921875
2758.176	0.049479167
2761.056	0.049479167
2763.216	0.049479167
2765.232	0.049479167
2767.392	0.049479167
2769.408	0.049479167
2771.424	0.049479167
2773.584	0.049479167
2775.6	0.049479167
2777.76	0.049479167
2779.776	0.049739583
2781.216	0.049739583
2782.656	0.049739583
2784.528	0.049739583
2786.4	0.05
2788.272	0.05
2790.288	0.05
2791.584	0.05
2792.88	0.05
2794.176	0.05
2795.472	0.05
2796.768	0.05
2798.208	0.05
2799.504	0.05
2800.8	0.05
2802.528	0.05
2803.68	0.05
2805.264	0.05
2806.848	0.05
2808.432	0.05
2810.016	0.05
2811.456	0.050260417
2813.04	0.050260417
2814.624	0.050260417
2816.208	0.050260417
2817.792	0.050260417
2819.376	0.050260417
2820.816	0.050260417
2822.4	0.050260417
2823.984	0.050260417
2825.568	0.050260417
2827.152	0.050260417
2828.736	0.050260417
2830.32	0.050260417
2831.76	0.050260417
2832.912	0.050260417
2834.352	0.050260417
2836.224	0.050260417
2838.096	0.050260417
2839.824	0.050260417
2841.696	0.050260417
2843.568	0.050520833
2844.864	0.050520833
2845.728	0.050520833
2846.736	0.050520833
2847.312	0.050520833
2847.888	0.050520833
2848.608	0.050520833
2849.184	0.050520833
2849.904	0.050520833
2850.48	0.050520833
2851.056	0.050520833
2851.92	0.050520833
2853.072	0.050520833
2854.08	0.050520833
2855.52	0.050520833
2856.816	0.050520833
2858.256	0.050520833
2859.696	0.050520833
2860.992	0.050520833
2862.432	0.050520833
2864.16	0.050520833
2865.888	0.050520833
2867.76	0.050520833
2869.488	0.050520833
2871.216	0.050520833
2872.944	0.05078125
2874.672	0.05078125
2876.544	0.05078125
2878.272	0.05078125
2880	0.05078125
2882.304	0.05078125
2884.752	0.05078125
2887.056	0.05078125
2889.36	0.05078125
2891.808	0.05078125
2894.112	0.05078125
2896.416	0.05078125
2899.584	0.05078125
2902.608	0.05078125
2905.632	0.051041667
2908.656	0.051041667
2911.824	0.051041667
2914.848	0.051041667
2917.872	0.051041667
2920.896	0.051041667
2924.064	0.051041667
2927.088	0.051041667
2930.112	0.051041667
2933.136	0.051302083
2936.304	0.051302083
2939.328	0.051302083
2942.352	0.051302083
2945.376	0.0515625
2948.544	0.0515625
2951.568	0.0515625
2954.592	0.0515625
2956.752	0.0515625
2958.912	0.0515625
2961.072	0.0515625
2963.232	0.0515625
2965.248	0.0515625
2967.408	0.0515625
2969.568	0.0515625
2971.728	0.051822917
2973.888	0.051822917
2976.624	0.051822917
2979.504	0.051822917
2981.376	0.051822917
2983.392	0.051822917
2985.264	0.051822917
2987.28	0.051822917
2989.152	0.051822917
2991.168	0.051822917
2992.464	0.051822917
2993.904	0.051822917
2995.2	0.051822917
2996.64	0.051822917
2998.368	0.051822917
3000.096	0.052083333
3001.968	0.052083333
3004.272	0.052083333
3006.576	0.052083333
3008.88	0.052083333
3011.184	0.052083333
3013.488	0.052083333
3015.792	0.052083333
3018.672	0.052083333
3020.832	0.052083333
3022.992	0.052083333
3025.008	0.052083333
3027.168	0.05234375
3029.904	0.05234375
3032.64	0.05234375
3035.376	0.05234375
3037.968	0.05234375
3041.568	0.05234375
3044.016	0.05234375
3046.608	0.05234375
3049.056	0.05234375
3051.504	0.05234375
3053.952	0.052604167
3056.4	0.052604167
3058.992	0.052604167
3061.44	0.052604167
3063.888	0.052604167
3066.336	0.052604167
3068.928	0.052604167
3070.656	0.052604167
3072.384	0.052864583
3074.544	0.052864583
3076.848	0.052864583
3079.872	0.052864583
3082.752	0.052864583
3085.632	0.052864583
3088.656	0.052864583
3091.536	0.053125
3094.416	0.053125
3097.44	0.053125
3100.32	0.053125
3103.344	0.053125
3106.224	0.053125
3109.104	0.053125
3112.128	0.053125
3115.008	0.053385417
3117.024	0.053385417
3119.184	0.053385417
3121.2	0.053385417
3123.216	0.053385417
3125.376	0.053385417
3127.392	0.053385417
3129.408	0.053385417
3130.848	0.053385417
3132.288	0.053385417
3134.16	0.053385417
3136.032	0.053645833
3137.904	0.053645833
3139.776	0.053645833
3141.648	0.053645833
3143.52	0.053645833
3145.392	0.053645833
3147.264	0.053645833
3149.712	0.05390625
3152.16	0.054166667
3154.608	0.054166667
3156.912	0.054166667
3159.36	0.054166667
3161.808	0.054166667
3164.256	0.054166667
3166.704	0.054427083
3169.152	0.054427083
3171.6	0.054427083
3174.048	0.054427083
3176.496	0.054427083
3178.8	0.054427083
3181.248	0.054427083
3182.976	0.054427083
3184.704	0.054427083
3186.432	0.054427083
3188.592	0.0546875
3190.896	0.0546875
3193.056	0.0546875
3195.216	0.0546875
3197.52	0.0546875
3199.68	0.0546875
3201.84	0.0546875
3204.144	0.0546875
3207.024	0.054947917
3209.04	0.054947917
3211.056	0.054947917
3213.072	0.054947917
3215.664	0.054947917
3218.256	0.054947917
3220.128	0.054947917
3221.856	0.054947917
3223.728	0.054947917
3225.6	0.054947917
3227.472	0.055208333
3229.2	0.055208333
3231.648	0.055208333
3234.672	0.055208333
3237.84	0.055208333
3240	0.055208333
3242.16	0.055208333
3244.32	0.055208333
3246.48	0.05546875
3248.64	0.05546875
3250.8	0.05546875
3252.96	0.05546875
3255.12	0.05546875
3258	0.05546875
3260.736	0.05546875
3263.616	0.055729167
3266.496	0.055729167
3269.232	0.055729167
3272.112	0.055729167
3274.848	0.055989583
3277.728	0.055989583
3280.464	0.05625
3283.344	0.05625
3286.08	0.056510417
3288.96	0.056770833
3290.976	0.056770833
3292.848	0.056770833
3294.864	0.056770833
3297.456	0.05703125
3300.048	0.057291667
3302.64	0.057291667
3305.088	0.057552083
3307.68	0.057552083
3310.272	0.0578125
3312.864	0.0578125
3315.456	0.0578125
3317.904	0.0578125
3320.496	0.0578125
3323.088	0.0578125
3325.68	0.058072917
3328.272	0.058072917
3330.72	0.058333333
3333.312	0.058333333
3336.624	0.058333333
3340.08	0.05859375
3343.392	0.05859375
3346.704	0.05859375
3350.016	0.05859375
3353.328	0.05859375
3356.64	0.05859375
3359.952	0.058854167
3363.408	0.058854167
3366.72	0.058854167
3370.032	0.058854167
3372.336	0.059114583
3374.64	0.059375
3376.944	0.059375
3379.392	0.059375
3381.696	0.059375
3384	0.059375
3386.304	0.059635417
3388.608	0.059635417
3391.056	0.059635417
3392.64	0.059635417
3393.792	0.059635417
3395.232	0.059635417
3396.816	0.059895833
3398.688	0.06015625
3400.56	0.06015625
3402.576	0.06015625
3404.448	0.060416667
3406.464	0.060416667
3408.336	0.060677083
3410.352	0.060677083
3412.224	0.0609375
3414.096	0.061197917
3416.112	0.061458333
3417.984	0.06171875
3420	0.061979167
3421.872	0.062239583
3423.744	0.062239583
3425.76	0.062239583
3427.632	0.062239583
3429.648	0.062239583
3431.52	0.062239583
3433.536	0.062239583
3435.408	0.062239583
3437.856	0.062239583
3440.448	0.062239583
3442.896	0.062239583
3445.488	0.062239583
3447.936	0.0625
3450.528	0.0625
3452.976	0.0625
3455.424	0.0625
3458.016	0.0625
3461.328	0.062760417
3464.496	0.062760417
3467.808	0.063020833
3471.12	0.063020833
3474.288	0.063020833
3477.6	0.06328125
3480.912	0.06328125
3484.08	0.063541667
3487.392	0.063541667
3490.704	0.063802083
3493.872	0.063802083
3497.184	0.063802083
3500.496	0.063802083
3503.664	0.063802083
3506.976	0.063802083
3510.288	0.063802083
3513.456	0.063802083
3516.768	0.063802083
3520.08	0.063802083
3523.248	0.063802083
3526.56	0.063802083
3529.872	0.063802083
3533.04	0.063802083
3536.352	0.063802083
3539.664	0.063802083
3542.832	0.063802083
3546.144	0.063802083
3549.456	0.063802083
3552.768	0.063802083
3555.936	0.0640625
3559.248	0.0640625
3562.56	0.0640625
3566.736	0.0640625
3570.912	0.0640625
3575.232	0.0640625
3579.408	0.0640625
3583.728	0.0640625
3587.904	0.0640625
3592.224	0.064322917
3596.4	0.064583333
3600.72	0.064583333
3604.896	0.064583333
3609.216	0.064583333
3612.096	0.064583333
3615.12	0.064583333
3618.144	0.064583333
3621.024	0.064583333
3624.048	0.064583333
3627.936	0.06484375
3631.824	0.06484375
3635.568	0.065104167
3639.456	0.065104167
3643.344	0.065104167
3647.232	0.065104167
3651.12	0.065104167
3655.008	0.065104167
3658.752	0.065104167
3662.64	0.065104167
3666.528	0.065104167
3671.568	0.065104167
3676.608	0.065104167
3681.648	0.065104167
3686.688	0.065104167
3693.168	0.065104167
3699.648	0.065104167
3706.272	0.065104167
3710.736	0.065364583
3713.904	0.065364583
3717.216	0.065364583
3720.384	0.065364583
3723.552	0.065364583
3727.728	0.065364583
3731.904	0.065364583
3736.08	0.065364583
3740.256	0.065364583
3744.432	0.065364583
3749.76	0.065364583
3755.232	0.065364583
3760.56	0.065625
3766.032	0.065625
3769.776	0.065625
3773.52	0.065625
3777.408	0.065625
3781.152	0.065625
3784.896	0.065625
3788.64	0.065625
3792.528	0.065625
3796.272	0.065625
3800.016	0.065885417
3803.76	0.065885417
3807.648	0.065885417
3812.544	0.065885417
3817.44	0.065885417
3822.336	0.065885417
3827.232	0.065885417
3832.272	0.065885417
3837.168	0.066145833
3842.064	0.066145833
3845.52	0.066145833
3848.976	0.066145833
3852.432	0.066145833
3855.888	0.066145833
3859.2	0.06640625
3862.656	0.06640625
3865.104	0.066666667
3868.272	0.066666667
3871.44	0.066666667
3874.464	0.066666667
3877.632	0.066666667
3880.8	0.066666667
3884.832	0.066666667
3889.008	0.066666667
3893.04	0.066666667
3897.072	0.066666667
3901.104	0.066666667
3905.28	0.066927083
3909.312	0.066927083
3913.344	0.066927083
3917.52	0.066927083
3921.552	0.066927083
3925.584	0.066927083
3930.912	0.066927083
3936.24	0.0671875
3939.84	0.0671875
3943.584	0.0671875
3947.328	0.0671875
3951.072	0.0671875
3954.672	0.0671875
3959.568	0.0671875
3964.32	0.0671875
3967.776	0.067447917
3971.088	0.067447917
3974.544	0.067447917
3977.856	0.067447917
3981.168	0.067447917
3985.632	0.067447917
3989.952	0.067447917
3995.712	0.067447917
4001.472	0.067708333
4007.088	0.067708333
4012.848	0.067708333
4016.736	0.067708333
4020.768	0.067708333
4025.952	0.067708333
4032.72	0.067708333
4039.488	0.067708333
4046.256	0.06796875
4055.04	0.06796875
4061.088	0.06796875
4067.28	0.06796875
4073.328	0.068229167
4079.52	0.068489583
4083.84	0.06875
4088.16	0.06875
4092.48	0.06875
4096.656	0.06875
4100.976	0.069010417
4105.296	0.069010417
4109.616	0.069010417
4113.936	0.069010417
4118.256	0.069010417
4122.432	0.069270833
4125.456	0.069270833
4128.48	0.069270833
4131.504	0.069270833
4134.528	0.069270833
4138.416	0.069270833
4142.304	0.069270833
4146.192	0.06953125
4150.224	0.06953125
4154.112	0.06953125
4159.152	0.06953125
4164.192	0.06953125
4169.376	0.06953125
4174.416	0.069791667
4179.456	0.069791667
4184.64	0.070052083
4189.68	0.070052083
4194.72	0.070052083
4199.76	0.0703125
4206.384	0.0703125
4215.024	0.0703125
4226.112	0.0703125
4237.344	0.0703125
4248.576	0.0703125
4259.664	0.0703125
4270.896	0.0703125
4281.984	0.070572917
4293.216	0.070572917
4307.76	0.070572917
4322.16	0.070572917
4336.704	0.070833333
4351.248	0.070833333
4365.792	0.070833333
4380.336	0.07109375
4399.2	0.07109375
4418.064	0.071354167
4436.928	0.071354167
4455.792	0.071354167
4474.656	0.071614583
4493.52	0.071875
4512.384	0.071875
4531.248	0.072135417
4550.112	0.072395833
4563.36	0.072916667
4572.576	0.072916667
4581.792	0.073177083
4591.008	0.073177083
4600.368	0.073177083
4609.584	0.0734375
4616.064	0.073958333
4622.544	0.07421875
4629.024	0.07421875
4635.504	0.07421875
4641.984	0.074479167
4648.464	0.074479167
4654.8	0.074479167
4661.28	0.074479167
4669.776	0.074479167
4678.128	0.074479167
4689.072	0.074479167
4700.016	0.074739583
4710.96	0.074739583
4721.904	0.074739583
4732.848	0.074739583
4740.48	0.075
4745.952	0.075
4751.28	0.075260417
4756.608	0.075260417
4761.936	0.075260417
4767.264	0.075260417
4772.736	0.075260417
4778.064	0.075260417
4783.392	0.075260417
4788.72	0.075520833
4794.192	0.075520833
4799.52	0.07578125
4804.848	0.07578125
4810.176	0.07578125
4815.504	0.07578125
4820.976	0.07578125
4826.304	0.07578125
4831.632	0.07578125
4836.96	0.07578125
4842.432	0.07578125
4847.76	0.07578125
4853.088	0.07578125
4858.416	0.076041667
4863.744	0.076041667
4869.216	0.076041667
4874.544	0.076041667
4878.288	0.076041667
4882.032	0.076041667
4885.776	0.076041667
4889.52	0.076041667
4893.264	0.076041667
4897.008	0.076041667
4901.904	0.076041667
4906.8	0.076041667
4911.696	0.076041667
4916.592	0.076041667
4921.488	0.076041667
4926.24	0.076302083
4931.136	0.076302083
4936.032	0.076302083
4940.928	0.076302083
4945.824	0.076302083
4950.72	0.076302083
4955.616	0.076302083
4960.512	0.076302083
4965.264	0.076302083
4970.16	0.076302083
4975.056	0.0765625
4979.952	0.0765625
4984.848	0.0765625
4989.744	0.0765625
4996.08	0.0765625
5002.416	0.0765625
5008.752	0.076822917
5015.088	0.076822917
5021.424	0.077083333
5027.76	0.077083333
5034.096	0.07734375
5042.304	0.07734375
5050.656	0.07734375
5058.864	0.07734375
5067.072	0.07734375
5075.28	0.07734375
5083.632	0.07734375
5091.84	0.077604167
5097.6	0.077604167
5103.36	0.077604167
5109.12	0.077604167
5114.88	0.077604167
5120.64	0.077604167
5128.128	0.077604167
5135.616	0.077604167
5143.104	0.077604167
5150.592	0.077604167
5158.224	0.077604167
5165.712	0.077864583
5173.2	0.077864583
5180.688	0.077864583
5188.176	0.077864583
5195.664	0.077864583
5203.152	0.077864583
5210.64	0.077864583
5218.128	0.077864583
5225.616	0.077864583
5233.248	0.077864583
5240.736	0.078125
5248.224	0.078125
5255.712	0.078125
5263.2	0.078125
5270.688	0.078125
5278.176	0.078125
5285.664	0.078125
5293.152	0.078125
5300.64	0.078125
5308.128	0.078385417
5315.76	0.078385417
5323.248	0.078385417
5330.736	0.078385417
5335.92	0.078385417
5341.248	0.078385417
5346.432	0.078385417
5351.76	0.078385417
5356.944	0.078385417
5362.272	0.078385417
5367.456	0.078385417
5374.224	0.078645833
5381.136	0.078645833
5387.904	0.078645833
5394.816	0.078645833
5403.6	0.078645833
5412.528	0.078645833
5421.312	0.07890625
5427.648	0.07890625
5433.84	0.07890625
5440.032	0.07890625
5446.224	0.07890625
5452.416	0.07890625
5458.608	0.079166667
5464.8	0.079427083
5471.136	0.079427083
5477.328	0.079427083
5485.392	0.079427083
5493.456	0.079427083
5501.52	0.079427083
5509.584	0.0796875
5517.648	0.0796875
5523.264	0.0796875
5530.608	0.0796875
5537.952	0.0796875
5545.296	0.0796875
5552.784	0.0796875
5560.128	0.0796875
5567.472	0.079947917
5574.816	0.079947917
5582.16	0.079947917
5589.504	0.079947917
5594.544	0.079947917
5601.312	0.079947917
5607.936	0.080208333
5616.72	0.080208333
5625.36	0.080208333
5634	0.080208333
5642.784	0.080208333
5651.424	0.08046875
5660.208	0.08046875
5668.848	0.08046875
5674.896	0.080729167
5680.944	0.080729167
5687.136	0.080989583
5693.184	0.080989583
5699.232	0.080989583
5705.28	0.080989583
5711.472	0.08125
5717.52	0.08125
5723.568	0.081510417
5729.616	0.081510417
5735.664	0.081770833
5741.712	0.081770833
5747.904	0.08203125
5753.952	0.08203125
5760	0.08203125
5766.048	0.082291667
5772.24	0.082552083
5780.016	0.0828125
5787.936	0.083072917
5795.856	0.083072917
5803.776	0.083333333
5811.696	0.08359375
5819.616	0.084114583
5827.536	0.084375
5837.904	0.084375
5848.128	0.084635417
5858.352	0.084895833
5868.72	0.084895833
5882.112	0.08515625
5895.36	0.085416667
5908.752	0.085677083
5922.144	0.0859375
5935.536	0.086197917
5948.928	0.08671875
5962.32	0.086979167
5975.712	0.087239583
5988.96	0.087760417
6002.352	0.088020833
6015.744	0.088541667
6025.104	0.088802083
6031.728	0.088802083
6038.208	0.088802083
6044.832	0.0890625
6051.312	0.0890625
6057.936	0.089322917
6064.416	0.089322917
6072.912	0.089322917
6081.408	0.089322917
6089.904	0.089322917
6100.992	0.089322917
6112.08	0.089322917
6123.168	0.089322917
6134.256	0.089322917
6145.344	0.089322917
6156.432	0.089322917
6167.52	0.089322917
6178.608	0.089322917
6189.552	0.089322917
6200.64	0.089322917
6211.728	0.089322917
6222.816	0.089322917
6233.904	0.089322917
6244.992	0.089322917
6256.08	0.089322917
6263.856	0.089322917
6271.488	0.089322917
6276.96	0.089322917
6282.432	0.089322917
6287.76	0.089322917
6293.232	0.089322917
6298.704	0.0890625
6305.76	0.0890625
6312.816	0.0890625
6319.872	0.0890625
6326.928	0.0890625
6333.984	0.0890625
6341.04	0.0890625
6348.096	0.0890625
6357.168	0.0890625
6366.384	0.0890625
6375.6	0.0890625
6384.672	0.0890625
6393.888	0.0890625
6403.104	0.0890625
6412.176	0.0890625
6421.392	0.0890625
6430.608	0.0890625
6442.416	0.0890625
6454.368	0.0890625
6466.32	0.088802083
6478.272	0.088802083
6490.08	0.088802083
6502.032	0.088802083
6513.984	0.088802083
6525.936	0.088802083
6537.888	0.088802083
6549.696	0.088802083
6561.648	0.088802083
6573.6	0.088802083
6585.552	0.088802083
6597.36	0.088802083
6609.312	0.088802083
6621.264	0.088802083
6633.216	0.088541667
6645.024	0.088541667
6656.976	0.088541667
6668.928	0.088541667
6680.88	0.088541667
6692.832	0.088541667
6701.04	0.088541667
6711.984	0.088541667
6722.784	0.088541667
6733.584	0.088541667
6744.528	0.088541667
6755.328	0.088541667
6766.128	0.088541667
6777.072	0.088541667
6791.184	0.08828125
6805.296	0.08828125
6819.264	0.08828125
6833.376	0.08828125
6847.488	0.08828125
6861.6	0.08828125
6875.712	0.08828125
6889.824	0.08828125
6903.936	0.08828125
6918.048	0.08828125
6932.16	0.08828125
6941.952	0.08828125
6951.888	0.088020833
6961.68	0.088020833
6971.616	0.088020833
6981.408	0.088020833
6994.368	0.088020833
7007.184	0.088020833
7023.888	0.088020833
7040.448	0.088020833
7057.152	0.088020833
7073.856	0.088020833
7090.56	0.087760417
7107.264	0.087760417
7123.968	0.087760417
7135.632	0.087760417
7147.296	0.087760417
7158.96	0.087760417
7170.624	0.087760417
7185.744	0.087760417
7201.008	0.087760417
7216.128	0.087760417
7231.248	0.0875
7246.512	0.0875
7261.632	0.0875
7276.896	0.0875
7292.016	0.0875
7307.28	0.0875
7322.4	0.0875
7337.52	0.0875
7352.784	0.087239583
7367.904	0.087239583
7387.632	0.087239583
7407.36	0.087239583
7427.088	0.087239583
7446.816	0.087239583
7472.448	0.086979167
7498.224	0.086979167
7523.856	0.086979167
7541.712	0.086979167
7559.712	0.086979167
7577.712	0.086979167
7595.712	0.08671875
7613.568	0.08671875
7631.568	0.08671875
7649.568	0.08671875
7667.424	0.08671875
7685.424	0.08671875
7708.752	0.086458333
7732.08	0.086458333
7755.408	0.086458333
7778.736	0.086458333
7802.208	0.086458333
7825.536	0.086197917
7848.864	0.086197917
7872.192	0.086197917
7895.52	0.086197917
7918.848	0.086197917
7942.176	0.0859375
7972.56	0.0859375
8012.016	0.0859375
8051.472	0.085677083
8090.928	0.085677083
8130.384	0.085677083
8169.84	0.085416667
8209.296	0.085416667
8248.752	0.08515625
8276.4	0.08515625
8303.904	0.08515625
8341.344	0.08515625
8378.64	0.084895833
8422.128	0.084895833
8465.76	0.084635417
8523.792	0.084635417
8581.968	0.084375
8640	0.084375
8700.624	0.084114583
8761.392	0.084114583
8840.16	0.083854167
8919.072	0.08359375
8997.984	0.083333333
9053.136	0.083333333
9108.432	0.083072917
9180.144	0.0828125
9273.456	0.082552083
9394.704	0.082291667
9552.384	0.081770833
9749.232	0.08125
9945.936	0.079947917
10142.784	0.07890625
10339.488	0.078125
10536.192	0.07734375
10733.04	0.0765625
10995.264	0.075520833
11257.632	0.074739583
11520	0.073958333
11880	0.073177083
12240	0.072135417
12672	0.07109375
13248	0.069791667
13824	0.068489583
14400	0.067447917
15360.048	0.065625
16319.952	0.064322917
17280	0.063020833
18720	0.061197917
20160	0.059375
21600	0.058072917
23040	0.056770833
24480	0.055208333
25920	0.053645833
27360	0.052083333
28800	0.05078125
30240	0.049479167
31680	0.0484375
33120	0.047395833
34560	0.046354167
36000	0.045572917
37440	0.045052083
38880	0.044270833
40320	0.04375
41760	0.04296875
43200	0.042447917
44640	0.041927083
46080	0.04140625
47520	0.040885417
48960	0.040364583
50400	0.03984375
51840	0.039322917
53280	0.0390625
54720	0.038541667
56160	0.03828125
57600	0.037760417
59040	0.0375
60480	0.036979167
61920	0.03671875
63360	0.036197917
64800	0.0359375
66240	0.035416667
67680	0.03515625
69120	0.034895833
70560	0.034635417
72000	0.034114583
73440	0.033854167
74880	0.03359375
76320	0.033333333
77760	0.033072917
79200	0.0328125
80640	0.032552083
82080	0.032291667
83520	0.03203125
84960	0.03203125
86400	0.031770833
87840	0.031510417
89280	0.03125
90720	0.030989583
92160	0.030729167
93600	0.03046875
95040	0.03046875
96480	0.030208333
97920	0.029947917
99360	0.0296875
100800	0.029427083
102240	0.029427083
103680	0.029166667
105120	0.02890625
106560	0.02890625
108000	0.028645833
109440	0.028385417
110880	0.028385417
112320	0.028125
113760	0.027864583
115200	0.027864583
116640	0.027604167
118080	0.02734375
119520	0.02734375
120960	0.027083333
122400	0.027083333
123840	0.026822917
125280	0.026822917
126720	0.0265625
128160	0.0265625
129600	0.026302083
131040	0.026302083
132480	0.026041667
133920	0.025963542
135360	0.025833333
136800	0.025729167
138240	0.025598958
139680	0.02546875
141120	0.025338542
142560	0.025208333
144000	0.025078125
144000.144	0.025078125
144000.288	0.025078125
144000.576	0.025078125
144000.864	0.025078125
144001.296	0.025078125
144001.872	0.025078125
144002.592	0.025078125
144003.456	0.025078125
144004.608	0.025078125
144006.192	0.025078125
144008.064	0.025078125
144010.656	0.025078125
144014.112	0.025078125
144018.432	0.025078125
144024.48	0.025078125
144031.68	0.025078125
144041.184	0.025078125
144050.832	0.025078125
144060.48	0.025078125
144075.312	0.025078125
144097.344	0.025078125
144119.52	0.025078125
144149.76	0.025078125
144180	0.025052083
144210.24	0.025052083
144240.48	0.025052083
144299.52	0.025052083
144360	0.025052083
144420.48	0.025052083
144479.52	0.025026042
144540	0.025026042
144600.48	0.025026042
144659.52	0.025026042
144720	0.025026042
144780.48	0.025
144839.52	0.025
144900	0.025
144960.48	0.025
145019.52	0.025
145080	0.024973958
145140.48	0.024973958
145199.52	0.024973958
145260	0.024973958
145320.48	0.024973958
145379.52	0.024947917
145440	0.024947917
145500.48	0.024947917
145559.52	0.024947917
145620	0.024947917
145680.48	0.024921875
145739.52	0.024921875
145800	0.024921875
145860.48	0.024921875
145919.52	0.024921875
145980	0.024895833
146040.48	0.024895833
146099.52	0.024895833
146160	0.024895833
146220.48	0.024895833
146279.52	0.024869792
146340	0.024869792
146400.48	0.024869792
146459.52	0.024869792
146520	0.024869792
146580.48	0.02484375
146639.52	0.02484375
146700	0.02484375
146760.48	0.02484375
146819.52	0.02484375
146880	0.024817708
146940.48	0.024817708
146999.52	0.024817708
147060	0.024817708
147120.48	0.024817708
147179.52	0.024791667
147240	0.024791667
147300.48	0.024791667
147359.52	0.024791667
147420	0.024791667
147480.48	0.024765625
147539.52	0.024765625
147600	0.024765625
147660.48	0.024765625
147719.52	0.024765625
147780	0.024739583
147840.48	0.024739583
147899.52	0.024739583
147960	0.024739583
148020.48	0.024739583
148079.52	0.024739583
148140	0.024713542
148200.48	0.024713542
148259.52	0.024713542
148320	0.024713542
148380.48	0.024713542
148439.52	0.024713542
148500	0.0246875
148560.48	0.0246875
148619.52	0.0246875
148680	0.0246875
148740.48	0.0246875
148799.52	0.0246875
148860	0.024661458
148920.48	0.024661458
148979.52	0.024661458
149040	0.024661458
149100.48	0.024661458
149159.52	0.024661458
149220	0.024635417
149280.48	0.024635417
149339.52	0.024635417
149400	0.024635417
149460.48	0.024635417
149519.52	0.024635417
149580	0.024635417
149640.48	0.024609375
149699.52	0.024609375
149760	0.024609375
149820.48	0.024609375
149879.52	0.024609375
149940	0.024609375
150000.48	0.024609375
150059.52	0.024583333
150120	0.024583333
150180.48	0.024583333
150239.52	0.024583333
150300	0.024583333
150360.48	0.024583333
150419.52	0.024583333
150480	0.024557292
150540.48	0.024557292
150599.52	0.024557292
150660	0.024557292
150720.48	0.024557292
150779.52	0.024557292
150840	0.024557292
150900.48	0.024557292
150959.52	0.024557292
151020	0.024557292
151080.48	0.02453125
151139.52	0.02453125
151200	0.02453125
151260.48	0.02453125
151319.52	0.02453125
151380	0.02453125
151440.48	0.02453125
151499.52	0.02453125
151560	0.02453125
151620.48	0.02453125
151679.52	0.02453125
151740	0.02453125
151800.48	0.02453125
151859.52	0.02453125
151920	0.02453125
151980.48	0.02453125
152039.52	0.02453125
152100	0.02453125
152160.48	0.02453125
152219.52	0.02453125
152280	0.02453125
152340.48	0.02453125
152399.52	0.02453125
152460	0.02453125
152520.48	0.02453125
152579.52	0.02453125
152640	0.02453125
152700.48	0.024557292
152759.52	0.024557292
152820	0.024557292
152880.48	0.024557292
152939.52	0.024557292
153000	0.024557292
153060.48	0.024557292
153119.52	0.024583333
153180	0.024583333
153240.48	0.024583333
153299.52	0.024583333
153360	0.024609375
153420.48	0.024609375
153479.52	0.024609375
153540	0.024609375
153600.48	0.024635417
153659.52	0.024635417
153720	0.024635417
153780.48	0.024661458
153839.52	0.024661458
153900	0.024661458
153960.48	0.0246875
154019.52	0.0246875
154080	0.024713542
154140.48	0.024713542
154199.52	0.024739583
154260	0.024739583
154320.48	0.024765625
154379.52	0.024765625
154440	0.024791667
154500.48	0.024791667
154559.52	0.024817708
154620	0.02484375
154680.48	0.02484375
154739.52	0.024869792
154800	0.024895833
154860.48	0.024921875
154919.52	0.024921875
154980	0.024947917
155040.48	0.024973958
155099.52	0.025
155160	0.025104167
155220.48	0.02546875
155279.52	0.025963542
155340	0.0265625
155400.48	0.02734375
155459.52	0.027864583
155520	0.028645833
155580.48	0.029427083
155639.52	0.030208333
155700	0.030989583
155760.48	0.031770833
155819.52	0.0328125
155880	0.03359375
155940.48	0.034375
155999.52	0.035416667
156060	0.036197917
156120.48	0.036979167
156179.52	0.038020833
156240	0.0390625
156300.48	0.03984375
156359.52	0.040885417
156420	0.041666667
156480.48	0.042708333
156539.52	0.043489583
156600	0.04453125
156660.48	0.0453125
156719.52	0.046354167
156780	0.047395833
156840.48	0.048177083
156899.52	0.04921875
156929.76	0.049739583
156960	0.050260417
156990.24	0.05078125
157020.48	0.051302083
157050	0.051822917
157079.52	0.052083333
157099.68	0.052604167
157119.84	0.052864583
157140	0.053125
157170.24	0.053645833
157200.48	0.054427083
157230	0.0546875
157259.52	0.05546875
157289.76	0.055989583
157320	0.056770833
157350.24	0.057291667
157380.48	0.0578125
157410	0.05859375
157439.52	0.059375
157469.76	0.060416667
157500	0.061197917
157530.24	0.061979167
157560.48	0.063020833
157590	0.0640625
157619.52	0.065104167
157634.64	0.065625
157646.016	0.066145833
157657.392	0.06640625
157668.624	0.066927083
157680	0.067447917
157692.096	0.068229167
157700.16	0.068489583
157705.92	0.06875
157710.24	0.069010417
157713.12	0.069270833
157715.856	0.06953125
157718.592	0.069791667
157721.328	0.069791667
157724.064	0.070052083
157728.096	0.070052083
157732.272	0.070572917
157736.304	0.070833333
157740.48	0.07109375
157744.224	0.071354167
157747.968	0.071614583
157751.712	0.071614583
157755.456	0.071875
157759.2	0.072135417
157762.8	0.072135417
157766.544	0.072395833
157770.144	0.07265625
157773.888	0.072916667
157777.488	0.072916667
157781.232	0.073177083
157784.832	0.073177083
157788.576	0.0734375
157792.176	0.0734375
157795.92	0.073697917
157799.52	0.073958333
157803.264	0.073958333
157807.008	0.07421875
157809.6	0.074479167
157812.192	0.074479167
157814.784	0.074739583
157818.24	0.074739583
157821.552	0.075
157825.008	0.075
157829.328	0.075260417
157833.792	0.07578125
157838.112	0.076041667
157842.432	0.076041667
157846.896	0.0765625
157851.216	0.076822917
157855.68	0.076822917
157860	0.077083333
157864.464	0.07734375
157868.784	0.077604167
157874.544	0.077864583
157880.304	0.078125
157886.064	0.078385417
157891.824	0.078645833
157897.584	0.07890625
157903.2	0.079427083
157908.96	0.0796875
157914.72	0.0796875
157920.48	0.079947917
157926.384	0.080208333
157932.288	0.08046875
157938.192	0.080729167
157944.096	0.080989583
157947.984	0.08125
157952.016	0.08125
157955.904	0.081510417
157960.656	0.081510417
157966.992	0.081770833
157973.184	0.08203125
157979.52	0.082291667
157986.288	0.082552083
157992.912	0.0828125
157999.68	0.083072917
158006.448	0.08359375
158013.072	0.083854167
158019.84	0.084375
158026.608	0.084635417
158033.232	0.084895833
158040	0.08515625
158046.768	0.085416667
158053.392	0.0859375
158060.16	0.086197917
158066.928	0.08671875
158073.552	0.086979167
158080.32	0.0875
158085.36	0.088020833
158090.4	0.08828125
158095.44	0.088802083
158100.48	0.0890625
158105.232	0.089322917
158109.984	0.089322917
158114.88	0.089583333
158121.36	0.08984375
158127.696	0.090104167
158134.032	0.090625
158140.368	0.090885417
158146.848	0.091145833
158153.184	0.091666667
158159.52	0.091927083
158169.6	0.0921875
158179.68	0.092708333
158189.76	0.093229167
158197.248	0.093489583
158204.88	0.094010417
158212.368	0.094270833
158220	0.094791667
158227.488	0.095052083
158235.12	0.0953125
158242.608	0.095833333
158250.24	0.096614583
158257.872	0.097135417
158263.488	0.097395833
158269.104	0.09765625
158274.864	0.098177083
158280.48	0.0984375
158285.664	0.098697917
158290.704	0.09921875
158295.6	0.09921875
158300.496	0.099739583
158305.392	0.1
158310.288	0.100260417
158315.184	0.100520833
158319.936	0.10078125
158324.832	0.101041667
158332.176	0.1015625
158339.52	0.101822917
158346.288	0.102083333
158352.912	0.102604167
158359.68	0.102864583
158366.448	0.103385417
158373.072	0.103645833
158379.84	0.104166667
158386.608	0.104427083
158393.232	0.1046875
158400	0.104947917
158406.768	0.10546875
158413.392	0.105729167
158420.16	0.105989583
158426.928	0.106510417
158433.552	0.106770833
158440.32	0.10703125
158447.088	0.107291667
158453.712	0.1078125
158460.48	0.108333333
158467.104	0.10859375
158473.584	0.109114583
158480.208	0.109375
158486.688	0.109635417
158494.896	0.109895833
158503.104	0.110416667
158511.312	0.110677083
158519.52	0.1109375
158528.16	0.111458333
158533.92	0.11171875
158539.68	0.111979167
158545.44	0.1125
158551.2	0.112760417
158556.96	0.113020833
158562.72	0.11328125
158568.48	0.113541667
158574.24	0.113802083
158580	0.114322917
158586.048	0.114322917
158593.824	0.114583333
158601.6	0.11484375
158609.376	0.115104167
158617.152	0.115625
158624.928	0.115885417
158632.704	0.116145833
158640.48	0.11640625
158647.824	0.116666667
158655.312	0.116927083
158662.656	0.1171875
158670	0.117447917
158677.344	0.117708333
158684.832	0.118229167
158692.176	0.118489583
158699.52	0.119010417
158707.008	0.119270833
158714.64	0.11953125
158726.016	0.119791667
158732.784	0.1203125
158739.552	0.120572917
158749.776	0.120572917
158760	0.12109375
158770.08	0.121354167
158780.16	0.121875
158793.552	0.122135417
158807.088	0.122916667
158820.48	0.123177083
158832.288	0.1234375
158847.984	0.123958333
158863.824	0.124739583
158879.52	0.125
158894.64	0.125520833
158909.76	0.126041667
158924.88	0.126302083
158940	0.126822917
158955.12	0.12734375
158970.24	0.127604167
158985.36	0.128125
159000.48	0.128385417
159015.168	0.12890625
159030	0.129166667
159059.52	0.1296875
159079.68	0.130208333
159093.072	0.130729167
159106.608	0.130989583
159120	0.13125
159135.12	0.131770833
159150.24	0.13203125
159165.36	0.132291667
159180.48	0.1328125
159195.168	0.133072917
159210	0.133333333
159224.832	0.13359375
159239.52	0.134114583
159254.64	0.134114583
159269.76	0.134635417
159284.88	0.134895833
159300	0.13515625
159315.12	0.135416667
159330.24	0.135677083
159345.36	0.135677083
159360.48	0.136197917
159375.168	0.136458333
159386.256	0.13671875
159397.344	0.13671875
159408.432	0.136979167
159419.52	0.137239583
159429.6	0.137239583
159439.68	0.1375
159449.76	0.1375
159459.84	0.137760417
159469.92	0.137760417
159480	0.138020833
159490.08	0.13828125
159500.16	0.138541667
159510.24	0.138802083
159520.32	0.1390625
159530.4	0.139322917
159540.48	0.139322917
159550.272	0.139583333
159560.208	0.139583333
159570	0.13984375
159579.792	0.13984375
159589.728	0.140104167
159599.52	0.140364583
159611.616	0.140364583
159623.712	0.140364583
159641.856	0.140625
159660	0.140885417
159675.12	0.140885417
159690.24	0.141145833
159705.36	0.14140625
159720.48	0.141666667
159732.288	0.141666667
159744.096	0.141927083
159755.904	0.141927083
159767.712	0.142447917
159779.52	0.142447917
159791.616	0.142447917
159807.744	0.142708333
159823.872	0.142708333
159840	0.14296875
159855.12	0.14296875
159877.872	0.143229167
159900.48	0.143489583
159920.208	0.143489583
159939.792	0.14375
159959.52	0.144010417
159979.68	0.144270833
159999.84	0.14453125
160020	0.144791667
160040.16	0.145052083
160060.32	0.145052083
160080.48	0.1453125
160100.208	0.1453125
160119.792	0.145572917
160139.52	0.145833333
160159.68	0.145833333
160173.072	0.14609375
160186.608	0.146354167
160200	0.146354167
160215.12	0.146354167
160237.872	0.146614583
160260.48	0.146614583
160280.208	0.146875
160299.792	0.146875
160319.52	0.147135417
160339.68	0.147135417
160359.84	0.147395833
160380	0.147395833
160400.16	0.14765625
160420.32	0.14765625
160440.48	0.147916667
160460.208	0.147916667
160479.792	0.148177083
160499.52	0.148177083
160519.68	0.1484375
160539.84	0.1484375
160560	0.148697917
160580.16	0.148697917
160600.32	0.148697917
160620.48	0.148958333
160640.208	0.14921875
160659.792	0.14921875
160679.52	0.149479167
160699.68	0.149479167
160719.84	0.149739583
160740	0.149739583
160760.16	0.15
160780.32	0.15
160800.48	0.15
160830	0.15
160859.52	0.150260417
160879.68	0.150260417
160899.84	0.150260417
160920	0.150520833
160940.16	0.150520833
160960.32	0.150520833
160980.48	0.150520833
161010	0.150520833
161039.52	0.15078125
161069.76	0.15078125
161100	0.15078125
161130.24	0.15078125
161160.48	0.15078125
161219.52	0.151041667
161249.76	0.151041667
161280	0.151041667
161310.24	0.151041667
161340.48	0.151302083
161370	0.151302083
161399.52	0.151302083
161429.76	0.151302083
161460	0.1515625
161490.24	0.1515625
161520.48	0.151822917
161550	0.151822917
161579.52	0.151822917
161609.76	0.151822917
161640	0.152083333
161670.24	0.152083333
161700.48	0.152083333
161730	0.152083333
161759.52	0.152083333
161789.76	0.15234375
161820	0.15234375
161850.24	0.15234375
161880.48	0.15234375
161910	0.15234375
161939.52	0.15234375
161969.76	0.15234375
162000	0.15234375
162030.24	0.15234375
162060.48	0.15234375
162090	0.15234375
162119.52	0.15234375
162149.76	0.15234375
162180	0.152083333
162240.48	0.152083333
162299.52	0.152083333
162360	0.152083333
162420.48	0.152083333
162479.52	0.151822917
162540	0.151822917
162600.48	0.151822917
162659.52	0.1515625
162720	0.1515625
162750.24	0.1515625
162780.48	0.1515625
162839.52	0.1515625
162900	0.1515625
162960.48	0.151302083
163019.52	0.151302083
163080	0.151302083
163140.48	0.151302083
163199.52	0.151041667
163260	0.151041667
163320.48	0.15078125
163379.52	0.15078125
163440	0.15078125
163500.48	0.150520833
163559.52	0.150520833
163620	0.150260417
163680.48	0.15
163739.52	0.15
163800	0.149739583
163860.48	0.149739583
163919.52	0.149479167
163980	0.149479167
164040.48	0.14921875
164099.52	0.14921875
164160	0.148958333
164220.48	0.148958333
164279.52	0.148697917
164340	0.148697917
164400.48	0.148697917
164459.52	0.1484375
164520	0.148177083
164580.48	0.148177083
164639.52	0.148177083
164700	0.147916667
164760.48	0.147916667
164819.52	0.148177083
164880	0.148177083
164940.48	0.1484375
164999.52	0.1484375
165060	0.148958333
165120.48	0.14921875
165179.52	0.149479167
165240	0.14921875
165300.48	0.14921875
165359.52	0.14921875
165420	0.14921875
165480.48	0.148958333
165539.52	0.148958333
165600	0.148958333
165660.48	0.148958333
165719.52	0.148958333
165780	0.148697917
165840.48	0.148697917
165899.52	0.148697917
165960	0.1484375
166020.48	0.1484375
166079.52	0.148177083
166140	0.148177083
166200.48	0.147916667
166259.52	0.14765625
166320	0.14765625
166380.48	0.147395833
166439.52	0.147135417
166500	0.147135417
166560.48	0.146875
166619.52	0.146875
166680	0.146614583
166740.48	0.146614583
166799.52	0.146354167
166860	0.146354167
166920.48	0.14609375
166979.52	0.146354167
167040	0.146354167
167100.48	0.146354167
167159.52	0.146354167
167220	0.146354167
167280.48	0.14609375
167339.52	0.145833333
167400	0.145833333
167460.48	0.145572917
167519.52	0.1453125
167580	0.1453125
167640.48	0.145052083
167699.52	0.144791667
167760	0.144791667
167820.48	0.14453125
167879.52	0.144270833
167940	0.144270833
168000.48	0.144010417
168059.52	0.14375
168120	0.14375
168180.48	0.143489583
168239.52	0.143489583
168300	0.143229167
168360.48	0.143229167
168419.52	0.14296875
168480	0.14296875
168540.48	0.142708333
168599.52	0.142447917
168660	0.142447917
168720.48	0.1421875
168779.52	0.1421875
168840	0.141927083
168900.48	0.141927083
168959.52	0.141666667
169020	0.141666667
169080.48	0.14140625
169139.52	0.141145833
169200	0.141145833
169260.48	0.140885417
169319.52	0.140885417
169380	0.140625
169440.48	0.140625
169499.52	0.140625
169560	0.140625
169620.48	0.140364583
169679.52	0.140364583
169740	0.140364583
169800.48	0.140104167
169859.52	0.140364583
169920	0.140104167
169980.48	0.140104167
170039.52	0.140104167
170100	0.140104167
170160.48	0.13984375
170219.52	0.140104167
170280	0.140104167
170340.48	0.140104167
170399.52	0.140104167
170460	0.140104167
170520.48	0.140364583
170579.52	0.140364583
170640	0.140104167
170700.48	0.140104167
170759.52	0.140104167
170820	0.13984375
170880.48	0.13984375
170939.52	0.139583333
171000	0.139583333
171060.48	0.139322917
171119.52	0.139322917
171180	0.1390625
171240.48	0.1390625
171299.52	0.138802083
171360	0.138541667
171420.48	0.138541667
171479.52	0.13828125
171540	0.13828125
171600.48	0.138020833
171659.52	0.138020833
171720	0.137760417
171780.48	0.1375
171839.52	0.1375
171900	0.137239583
171960.48	0.136979167
172019.52	0.136979167
172080	0.13671875
172140.48	0.136458333
172199.52	0.136197917
172260	0.136197917
172320.48	0.1359375
172379.52	0.135677083
172440	0.135416667
172500.48	0.13515625
172559.52	0.134895833
172620	0.134635417
172680.48	0.134375
172739.52	0.134114583
172800	0.133854167
172860.48	0.13359375
172919.52	0.133333333
172980	0.133072917
173040.48	0.1328125
173099.52	0.132552083
173160	0.132291667
173220.48	0.13203125
173279.52	0.131770833
173340	0.131510417
173400.48	0.13125
173459.52	0.130989583
173520	0.13046875
173580.48	0.130208333
173639.52	0.129947917
173700	0.1296875
173760.48	0.129427083
173819.52	0.129166667
173880	0.12890625
173940.48	0.128645833
173999.52	0.128385417
174060	0.127864583
174120.48	0.127604167
174179.52	0.12734375
174240	0.127083333
174300.48	0.126822917
174359.52	0.126302083
174420	0.126041667
174480.48	0.12578125
174539.52	0.125520833
174600	0.125260417
174660.48	0.125
174719.52	0.124739583
174780	0.124479167
174840.48	0.12421875
174899.52	0.123697917
174960	0.1234375
175020.48	0.123177083
175079.52	0.122916667
175140	0.12265625
175200.48	0.122395833
175259.52	0.122135417
175320	0.121614583
175380.48	0.121354167
175439.52	0.12109375
175500	0.120833333
175560.48	0.120572917
175619.52	0.1203125
175680	0.119791667
175740.48	0.11953125
175740.624	0.11953125
175740.768	0.11953125
175741.056	0.11953125
175741.344	0.11953125
175741.776	0.11953125
175742.352	0.11953125
175743.072	0.11953125
175743.936	0.11953125
175745.088	0.11953125
175746.672	0.11953125
175748.544	0.11953125
175751.136	0.11953125
175754.592	0.11953125
175759.056	0.11953125
175764.816	0.11953125
175771.728	0.11953125
175780.944	0.119270833
175799.52	0.119270833
175799.664	0.119270833
175799.808	0.119270833
175800.096	0.119270833
175800.384	0.119270833
175800.816	0.119270833
175801.392	0.119270833
175802.112	0.119270833
175802.976	0.119270833
175804.128	0.119270833
175805.712	0.119270833
175807.584	0.119270833
175810.176	0.119270833
175813.632	0.119270833
175817.952	0.119270833
175824	0.119270833
175831.2	0.119270833
175840.704	0.119010417
175850.352	0.119010417
175860	0.119010417
175860.144	0.119010417
175860.288	0.119010417
175860.576	0.119010417
175860.864	0.119010417
175861.296	0.119010417
175861.872	0.119010417
175862.592	0.119010417
175863.456	0.119010417
175864.608	0.119010417
175866.192	0.119010417
175868.064	0.119010417
175870.656	0.119010417
175874.112	0.119010417
175878.432	0.119010417
175884.48	0.119010417
175891.68	0.119010417
175901.184	0.119010417
175910.832	0.119010417
175920.48	0.11875
175920.624	0.11875
175920.768	0.11875
175921.056	0.11875
175921.344	0.11875
175921.776	0.11875
175922.352	0.11875
175923.072	0.11875
175923.936	0.11875
175925.088	0.11875
175926.672	0.11875
175928.544	0.11875
175931.136	0.11875
175934.592	0.11875
175939.056	0.11875
175944.816	0.11875
175951.728	0.11875
175960.944	0.11875
175979.52	0.11875
175994.64	0.11875
176017.248	0.11875
176040	0.11875
176070.24	0.11875
176100.48	0.11875
176130	0.11875
176159.52	0.11875
176220	0.119010417
176280.48	0.119270833
176339.52	0.11953125
176400	0.120052083
176460.48	0.1203125
176519.52	0.120833333
176580	0.121354167
176640.48	0.121875
176699.52	0.122395833
176760	0.122916667
176820.48	0.123697917
176879.52	0.12421875
176940	0.125
177000.48	0.125520833
177059.52	0.126302083
177120	0.127083333
177180.48	0.128125
177239.52	0.129166667
177300	0.130208333
177360.48	0.131510417
177419.52	0.133072917
177480	0.134635417
177540.48	0.136197917
177599.52	0.137760417
177660	0.139583333
177720.48	0.14140625
177779.52	0.143489583
177840	0.145833333
177900.48	0.148177083
177959.52	0.150520833
178020	0.153125
178080.48	0.155729167
178110	0.157552083
178139.52	0.158854167
178169.76	0.160416667
178200	0.161979167
178230.24	0.163541667
178260.48	0.165104167
178290	0.166666667
178319.52	0.16796875
178349.76	0.16953125
178380	0.171354167
178410.24	0.17265625
178440.48	0.173958333
178470	0.175260417
178499.52	0.1765625
178529.76	0.178385417
178560	0.179947917
178590.24	0.181510417
178620.48	0.1828125
178640.208	0.184114583
178659.792	0.184895833
178679.52	0.1859375
178699.68	0.186979167
178719.84	0.188020833
178740	0.1890625
178760.16	0.190104167
178780.32	0.19140625
178800.48	0.192708333
178820.208	0.19375
178839.792	0.1953125
178859.52	0.196354167
178879.68	0.19765625
178899.84	0.198958333
178920	0.2
178940.16	0.201041667
178960.32	0.202083333
178980.48	0.203125
179010	0.2046875
179039.52	0.206510417
179069.76	0.208333333
179100	0.209895833
179120.16	0.2109375
179140.32	0.211979167
179160.48	0.213020833
179180.208	0.2140625
179199.792	0.215104167
179219.52	0.215885417
179239.68	0.216927083
179259.84	0.21796875
179280	0.21875
179300.16	0.219791667
179320.32	0.220833333
179340.48	0.221614583
179360.208	0.22265625
179379.792	0.223697917
179399.52	0.224739583
179419.68	0.22578125
179439.84	0.2265625
179460	0.227604167
179472.096	0.228385417
179488.224	0.229166667
179520.48	0.230989583
179535.312	0.231770833
179546.256	0.232552083
179557.344	0.233072917
179568.432	0.23359375
179579.52	0.234114583
179589.6	0.234635417
179599.68	0.23515625
179613.072	0.235677083
179626.608	0.236458333
179640	0.236979167
179655.12	0.237760417
179670.24	0.238541667
179685.36	0.239322917
179700.48	0.240104167
179715.312	0.240625
179730	0.241666667
179744.832	0.242447917
179759.52	0.243229167
179774.64	0.244010417
179797.248	0.245052083
179820	0.246354167
179840.16	0.247135417
179860.32	0.247916667
179880.48	0.2484375
179910	0.249739583
179939.52	0.25078125
179959.68	0.2515625
179979.84	0.25234375
180000	0.253125
180020.16	0.25390625
180040.32	0.2546875
180060.48	0.25546875
180090	0.256770833
180119.52	0.257552083
180139.68	0.258333333
180159.84	0.259114583
180180	0.259895833
180200.16	0.260416667
180220.32	0.260416667
180240.48	0.263020833
180270	0.263020833
180299.52	0.263020833
180319.68	0.265625
180339.84	0.265625
180360	0.265625
180380.16	0.265625
180420.48	0.268229167
180450	0.268229167
180479.52	0.270833333
180509.76	0.270833333
180540	0.270833333
180570.24	0.270833333
180600.48	0.2734375
180620.208	0.2734375
180659.52	0.2734375
180689.76	0.2734375
180720	0.276041667
180750.24	0.276041667
180780.48	0.276041667
180810	0.276041667
180839.52	0.278645833
180869.76	0.278645833
180900	0.278645833
180930.24	0.278645833
180960.48	0.28125
180990	0.28125
181019.52	0.28125
181049.76	0.28125
181080	0.283854167
181110.24	0.283854167
181140.48	0.283854167
181170	0.283854167
181199.52	0.286458333
181229.76	0.286458333
181260	0.286458333
181290.24	0.286458333
181305.36	0.286458333
181320.48	0.286458333
181340.208	0.2890625
181359.792	0.2890625
181379.52	0.2890625
181399.68	0.2890625
181440	0.2890625
181470.24	0.2890625
181500.48	0.2890625
181530	0.2890625
181559.52	0.291666667
181589.76	0.291666667
181620	0.291666667
181650.24	0.291666667
181680.48	0.291666667
181739.52	0.291666667
181769.76	0.291666667
181800	0.291666667
181860.48	0.294270833
181890	0.294270833
181919.52	0.294270833
181949.76	0.294270833
181980	0.294270833
182010.24	0.294270833
182040.48	0.294270833
182070	0.294270833
182099.52	0.294270833
182129.76	0.294270833
182160	0.296875
182190.24	0.296875
182220.48	0.296875
182250	0.296875
182279.52	0.296875
182309.76	0.296875
182340	0.296875
182370.24	0.296875
182400.48	0.296875
182430	0.296875
182459.52	0.296875
182520	0.296875
182580.48	0.296875
182639.52	0.296875
182700	0.296875
182760.48	0.296875
182819.52	0.296875
182880	0.296875
182940.48	0.296875
182999.52	0.296875
183060	0.296875
183120.48	0.296875
183179.52	0.296875
183240	0.296875
183300.48	0.296875
183359.52	0.296875
183420	0.296875
183480.48	0.296875
183539.52	0.296875
183569.76	0.296875
183600	0.296875
183630.24	0.296875
183660.48	0.296875
183690	0.296875
183719.52	0.296875
183780	0.296875
183840.48	0.296875
183899.52	0.296875
183929.76	0.294270833
183960	0.294270833
184020.48	0.294270833
184079.52	0.294270833
184140	0.294270833
184200.48	0.294270833
184259.52	0.294270833
184320	0.294270833
184380.48	0.294270833
184439.52	0.294270833
184500	0.294270833
184560.48	0.291666667
184619.52	0.291666667
184680	0.291666667
184740.48	0.291666667
184799.52	0.291666667
184860	0.291666667
184920.48	0.291666667
184979.52	0.2890625
185040	0.2890625
185100.48	0.2890625
185159.52	0.2890625
185220	0.2890625
185280.48	0.286458333
185339.52	0.286458333
185400	0.286458333
185460.48	0.286458333
185519.52	0.283854167
185580	0.283854167
185640.48	0.283854167
185699.52	0.283854167
185760	0.28125
185820.48	0.28125
185879.52	0.28125
185940	0.28125
186000.48	0.278645833
186059.52	0.278645833
186120	0.278645833
186180.48	0.278645833
186239.52	0.276041667
186300	0.276041667
186360.48	0.276041667
186419.52	0.276041667
186480	0.2734375
186540.48	0.2734375
186599.52	0.2734375
186660	0.2734375
186720.48	0.270833333
186779.52	0.270833333
186840	0.270833333
186900.48	0.270833333
186959.52	0.268229167
187020	0.268229167
187080.48	0.268229167
187139.52	0.265625
187200	0.265625
187260.48	0.265625
187319.52	0.265625
187380	0.263020833
187440.48	0.263020833
187499.52	0.263020833
187560	0.263020833
187620.48	0.260416667
187679.52	0.260416667
187679.664	0.260416667
187679.808	0.260416667
187680.096	0.260416667
187680.384	0.260416667
187680.816	0.260416667
187681.392	0.260416667
187682.112	0.260416667
187682.976	0.260416667
187684.128	0.260416667
187685.712	0.260416667
187687.584	0.260416667
187690.176	0.260416667
187693.632	0.260416667
187697.952	0.26015625
187704	0.26015625
187711.2	0.26015625
187720.704	0.26015625
187730.352	0.26015625
187740	0.259895833
187740.144	0.259895833
187740.288	0.259895833
187740.576	0.259895833
187740.864	0.259895833
187741.296	0.259895833
187741.872	0.259895833
187742.592	0.259895833
187743.456	0.259895833
187744.608	0.259895833
187746.192	0.259895833
187748.064	0.259895833
187750.656	0.259895833
187754.112	0.259895833
187758.432	0.259895833
187764.48	0.259895833
187771.68	0.259895833
187781.184	0.259895833
187790.832	0.259895833
187800.48	0.259895833
187815.312	0.26015625
187837.344	0.26015625
187859.52	0.260416667
187889.76	0.260416667
187920	0.260416667
187950.24	0.260416667
187980.48	0.263020833
188039.52	0.263020833
188100	0.265625
188160.48	0.265625
188219.52	0.268229167
188280	0.270833333
188340.48	0.2734375
188399.52	0.276041667
188460	0.278645833
188520.48	0.28125
188579.52	0.283854167
188640	0.286458333
188640.144	0.286458333
188640.288	0.286458333
188640.432	0.286458333
188640.72	0.286458333
188641.008	0.286458333
188641.44	0.286458333
188642.016	0.286458333
188642.736	0.286458333
188643.6	0.286458333
188644.752	0.286458333
188646.336	0.286458333
188648.208	0.286458333
188650.8	0.286458333
188654.256	0.286458333
188658.576	0.283854167
188664.192	0.283854167
188671.536	0.283854167
188681.184	0.283854167
188693.712	0.283854167
188706.096	0.283854167
188722.224	0.283854167
188743.392	0.283854167
188770.752	0.283854167
188806.32	0.283854167
188852.544	0.28125
188912.736	0.28125
188990.784	0.278645833
189092.448	0.276041667
189233.568	0.270833333
189374.544	0.268229167
189550.944	0.263020833
189727.344	0.259635417
189903.6	0.255208333
190080	0.2515625
190368	0.2453125
190656	0.23984375
190944	0.234635417
191347.2	0.22734375
191750.4	0.220833333
192355.2	0.21171875
192960	0.203125
193439.952	0.196614583
193920.048	0.190885417
194400	0.185416667
195120	0.177864583
195840	0.170833333
196800.048	0.161979167
197759.952	0.154166667
198720	0.147135417
199680.048	0.140364583
200639.952	0.134114583
201600	0.128125
202560.048	0.122135417
203199.984	0.118229167
203840.064	0.114583333
204480	0.111197917
205200	0.1078125
206280	0.102864583
207360	0.0984375
208800	0.093489583
210240	0.0890625
211680	0.08515625
213120	0.081510417
214560	0.078385417
216000	0.075520833
217440	0.072916667
218880	0.070572917
219359.952	0.069791667
219840.048	0.069010417
220479.984	0.067708333
221120.064	0.06640625
221760	0.065364583
222336	0.064583333
223103.952	0.06328125
223872.048	0.062239583
224640	0.061197917
225600.048	0.059895833
226559.952	0.05859375
227520	0.057291667
228480.048	0.05625
229439.952	0.055208333
230400	0.054166667
231840	0.052604167
233280	0.051302083
234720	0.050260417
236160	0.048958333
237600	0.047916667
239040	0.046875
240480	0.04609375
241920	0.045052083
243360	0.044270833
244800	0.043489583
246240	0.042708333
247680	0.041927083
249120	0.04140625
250560	0.040625
252000	0.040104167
253440	0.039583333
254880	0.0390625
256320	0.038541667
257760	0.038020833
259200	0.0375
260640	0.037239583
262080	0.03671875
263520	0.036458333
264960	0.0359375
266400	0.035677083
267840	0.035416667
269280	0.03515625
270720	0.034895833
272160	0.034635417
273600	0.034375
275040	0.034114583
276480	0.033854167
277920	0.03359375
279360	0.033333333
280800	0.033072917
282240	0.0328125
283680	0.032552083
285120	0.032291667
286560	0.032291667
288000	0.03203125
289440	0.031770833
290880	0.031510417
292320	0.03125
293760	0.03125
295200	0.030989583
296640	0.030729167
298080	0.030729167
299520	0.03046875
300960	0.030208333
302400	0.029947917
303840	0.029947917
305280	0.0296875
306720	0.029427083
308160	0.029427083
309600	0.029166667
311040	0.02890625
312480	0.02890625
313920	0.028645833
315360	0.028645833
316800	0.028385417
318240	0.028125
319680	0.028125
321120	0.027864583
322560	0.027864583
324000	0.027604167
325440	0.027604167
326880	0.02734375
328320	0.02734375
329760	0.027083333
331200	0.027083333
332640	0.026822917
334080	0.026822917
335520	0.0265625
336960	0.0265625
338400	0.026302083
339840	0.026302083
341280	0.026041667
342720	0.026015625
344160	0.025911458
345600	0.025807292
347040	0.025703125
348480	0.025598958
349920	0.02546875
351360	0.025364583
352800	0.025260417
354240	0.025130208
355680	0.025026042
357120	0.024895833
358560	0.024791667
360000	0.0246875
361440	0.024583333
362880	0.024479167
364320	0.024375
365760	0.024270833
367200	0.024166667
368640	0.0240625
370080	0.023958333
371520	0.023854167
372960	0.02375
374400	0.023671875
375840	0.023567708
377280	0.023463542
378720	0.023385417
380160	0.02328125
381600	0.023203125
383040	0.023125
384480	0.023020833
385920	0.022942708
387360	0.022864583
388800	0.022786458
390240	0.022682292
391680	0.022604167
393120	0.022526042
394560	0.022447917
396000	0.022369792
397440	0.022291667
398880	0.022213542
400320	0.022135417
401760	0.022057292
403200	0.021979167
404640	0.021901042
406080	0.021822917
407520	0.021744792
408960	0.021666667
410400	0.021588542
411840	0.021510417
413280	0.021432292
414720	0.021354167
416160	0.021276042
417600	0.021197917
419040	0.021119792
420480	0.021041667
421920	0.020989583
423360	0.020911458
424800	0.020833333
426240	0.020755208
427680	0.020703125
429120	0.020625
430560	0.020546875
432000	0.020494792
433440	0.020416667
434880	0.020338542
436320	0.020286458
437760	0.020208333
439200	0.02015625
440640	0.020078125
442080	0.020026042
443520	0.019973958
444960	0.019895833
446400	0.01984375
447840	0.019765625
449280	0.019713542
450720	0.019661458
452160	0.019583333
453600	0.01953125
455040	0.019453125
456480	0.019401042
457920	0.019348958
459360	0.019270833
460800	0.01921875
462240	0.019140625
463680	0.019088542
465120	0.019036458
466560	0.018958333
468000	0.01890625
469440	0.018854167
470880	0.018776042
472320	0.018723958
473760	0.018671875
475200	0.01859375
476640	0.018541667
478080	0.018489583
479520	0.0184375
480960	0.018385417
482400	0.018333333
483840	0.018255208
485280	0.018203125
486720	0.018151042
488160	0.018098958
489600	0.018046875
491040	0.017994792
492480	0.017942708
493920	0.017890625
495360	0.017838542
496800	0.017786458
498240	0.017734375
499680	0.017682292
501120	0.017630208
502560	0.017604167
504000	0.017552083
505440	0.0175
506880	0.017447917
508320	0.017395833
509760	0.01734375
511200	0.017291667
512640	0.017239583
514080	0.0171875
515520	0.017135417
516960	0.017083333
518400	0.01703125
519840	0.017005208
521280	0.016953125
522720	0.016901042
524160	0.016848958
525600	0.016796875
527040	0.016744792
528480	0.01671875
529920	0.016666667
531360	0.016614583
532800	0.0165625
534240	0.016510417
535680	0.016484375
537120	0.016432292
538560	0.016380208
540000	0.016354167
541440	0.016302083
542880	0.01625
544320	0.016223958
545760	0.016171875
547200	0.016119792
548640	0.01609375
550080	0.016041667
551520	0.015989583
552960	0.015963542
554400	0.015911458
555840	0.015859375
557280	0.015833333
558720	0.01578125
560160	0.015755208
561600	0.015703125
563040	0.015651042
564480	0.015625
565920	0.015572917
567360	0.015546875
568800	0.015494792
570240	0.01546875
571680	0.015416667
573120	0.015364583
574560	0.015338542
576000	0.015286458
577440	0.015260417
578880	0.015208333
580320	0.015182292
581760	0.015130208
583200	0.015104167
584640	0.015052083
586080	0.015026042
587520	0.015
588960	0.014947917
590400	0.014921875
591840	0.014869792
593280	0.01484375
594720	0.014791667
596160	0.014765625
597600	0.014739583
599040	0.0146875
600480	0.014661458
601920	0.014635417
603360	0.014583333
604800	0.014557292
606240	0.01453125
607680	0.014479167
609120	0.014453125
610560	0.014401042
612000	0.014375
613440	0.014348958
614880	0.014322917
616320	0.014270833
617760	0.014244792
619200	0.01421875
620640	0.014166667
622080	0.014140625
623520	0.014114583
624960	0.0140625
626400	0.014036458
627840	0.014010417
629280	0.013984375
630720	0.013932292
632160	0.01390625
633600	0.013880208
635040	0.013854167
636480	0.013802083
637920	0.013776042
639360	0.01375
640800	0.013723958
642240	0.013671875
643680	0.013645833
645120	0.013619792
646560	0.01359375
648000	0.013567708
649440	0.013541667
650880	0.013489583
652320	0.013463542
653760	0.0134375
655200	0.013411458
656640	0.013385417
658080	0.013359375
659520	0.013307292
660960	0.01328125
662400	0.013255208
663840	0.013229167
665280	0.013203125
666720	0.013177083
668160	0.013151042
669600	0.013125
671040	0.013072917
672480	0.013046875
673920	0.013020833
675360	0.012994792
676800	0.01296875
678240	0.012942708
679680	0.012916667
681120	0.012890625
682560	0.012864583
684000	0.012838542
685440	0.0128125
686880	0.012786458
688320	0.012760417
689760	0.012708333
691200	0.012682292
692640	0.01265625
694080	0.012630208
695520	0.012604167
696960	0.012578125
698400	0.012552083
699840	0.012526042
701280	0.0125
702720	0.012473958
704160	0.012447917
705600	0.012421875
707040	0.012395833
708480	0.012369792
709920	0.01234375
711360	0.012317708
712800	0.012291667
714240	0.012265625
715680	0.012239583
717120	0.012213542
718560	0.0121875
720000	0.012161458
721440	0.012161458
722880	0.012135417
724320	0.012109375
725760	0.012083333
727200	0.012057292
728640	0.01203125
730080	0.012005208
731520	0.011979167
732960	0.011953125
734400	0.011927083
735840	0.011901042
737280	0.011875
738720	0.011848958
740160	0.011822917
741600	0.011796875
743040	0.011796875
744480	0.011770833
745920	0.011744792
747360	0.01171875
748800	0.011692708
750240	0.011666667
751680	0.011640625
753120	0.011614583
754560	0.011588542
756000	0.0115625
757440	0.0115625
758880	0.011536458
760320	0.011510417
761760	0.011484375
763200	0.011458333
764640	0.011432292
766080	0.01140625
767520	0.011380208
768960	0.011380208
770400	0.011354167
771840	0.011328125
773280	0.011302083
774720	0.011276042
776160	0.01125
777600	0.011223958
779040	0.011223958
780480	0.011197917
781920	0.011171875
783360	0.011145833
784800	0.011119792
786240	0.01109375
787680	0.01109375
789120	0.011067708
790560	0.011041667
792000	0.011015625
793440	0.010989583
794880	0.010963542
796320	0.010963542
797760	0.0109375
799200	0.010911458
800640	0.010885417
802080	0.010859375
803520	0.010859375
804960	0.010833333
806400	0.010807292
807840	0.01078125
809280	0.010755208
810720	0.010755208
812160	0.010729167
813600	0.010703125
815040	0.010677083
816480	0.010651042
817920	0.010651042
819360	0.010625
820800	0.010598958
822240	0.010572917
823680	0.010572917
825120	0.010546875
826560	0.010520833
828000	0.010494792
829440	0.010494792
830880	0.01046875
832320	0.010442708
833760	0.010416667
835200	0.010416667
836640	0.010390625
838080	0.010364583
839520	0.010338542
840960	0.010338542
842400	0.0103125
843840	0.010286458
845280	0.010260417
846720	0.010260417
848160	0.010234375
849600	0.010208333
851040	0.010182292
852480	0.010182292
853920	0.01015625
855360	0.010130208
856800	0.010104167
858240	0.010104167
859680	0.010078125
861120	0.010052083
862560	0.010052083
864000	0.010026042
865440	0.01
866880	0.009973958
868320	0.009973958
869760	0.009947917
871200	0.009921875
872640	0.009921875
874080	0.009895833
875520	0.009869792
876960	0.00984375
878400	0.00984375
879840	0.009817708
881280	0.009791667
882720	0.009791667
884160	0.009765625
885600	0.009739583
887040	0.009739583
888480	0.009713542
889920	0.0096875
891360	0.009661458
892800	0.009661458
894240	0.009635417
895680	0.009609375
897120	0.009609375
898560	0.009583333
900000	0.009557292
901440	0.009557292
902880	0.00953125
904320	0.009505208
905760	0.009505208
907200	0.009479167
908640	0.009453125
910080	0.009453125
911520	0.009427083
912960	0.009401042
914400	0.009401042
915840	0.009375
917280	0.009348958
918720	0.009348958
920160	0.009322917
921600	0.009296875
923040	0.009296875
924480	0.009270833
925920	0.009244792
927360	0.009244792
928800	0.00921875
930240	0.009192708
931680	0.009192708
933120	0.009166667
934560	0.009166667
936000	0.009140625
937440	0.009114583
938880	0.009114583
940320	0.009088542
941760	0.0090625
943200	0.0090625
944640	0.009036458
946080	0.009010417
947520	0.009010417
948960	0.008984375
950400	0.008984375
951840	0.008958333
953280	0.008932292
954720	0.008932292
956160	0.00890625
957600	0.008880208
959040	0.008880208
960480	0.008854167
961920	0.008854167
963360	0.008828125
964800	0.008802083
966240	0.008802083
967680	0.008776042
969120	0.008776042
970560	0.00875
972000	0.008723958
973440	0.008723958
974880	0.008697917
976320	0.008697917
977760	0.008671875
979200	0.008645833
980640	0.008645833
982080	0.008619792
983520	0.008619792
984960	0.00859375
986400	0.008567708
987840	0.008567708
989280	0.008541667
990720	0.008541667
992160	0.008515625
993600	0.008489583
995040	0.008489583
996480	0.008463542
997920	0.008463542
999360	0.0084375
1000800	0.0084375
1002240	0.008411458
1003680	0.008385417
1005120	0.008385417
1006560	0.008359375
1008000	0.008359375
1009440	0.008333333
1010880	0.008333333
1012320	0.008307292
1013760	0.00828125
1015200	0.00828125
1016640	0.008255208
1018080	0.008255208
1019520	0.008229167
1020960	0.008229167
1022400	0.008203125
1023840	0.008177083
1025280	0.008177083
1026720	0.008151042
1028160	0.008151042
1029600	0.008125
1031040	0.008125
1032480	0.008098958
1033920	0.008098958
1035360	0.008072917
1036800	0.008072917
1038240	0.008046875
1039680	0.008020833
1041120	0.008020833
1042560	0.007994792
1044000	0.007994792
1045440	0.00796875
1046880	0.00796875
1048320	0.007942708
1049760	0.007942708
1051200	0.007916667
1052640	0.007916667
1054080	0.007890625
1055520	0.007890625
1056960	0.007864583
1058400	0.007864583
1059840	0.007838542
1061280	0.0078125
1062720	0.0078125
1064160	0.007786458
1065600	0.007786458
1067040	0.007760417
1068480	0.007760417
1069920	0.007734375
1071360	0.007734375
1072800	0.007708333
1074240	0.007708333
1075680	0.007682292
1077120	0.007682292
1078560	0.00765625
1080000	0.00765625
1081440	0.007630208
1082880	0.007630208
1084320	0.007604167
1085760	0.007604167
1087200	0.007578125
1088640	0.007578125
1090080	0.007552083
1091520	0.007552083
1092960	0.007526042
1094400	0.007526042
1095840	0.0075
1097280	0.0075
1098720	0.007473958
1100160	0.007473958
1101600	0.007447917
1103040	0.007447917
1104480	0.007421875
1105920	0.007421875
1107360	0.007395833
1108800	0.007395833
1110240	0.007369792
1111680	0.007369792
1113120	0.00734375
1114560	0.00734375
1116000	0.007317708
1117440	0.007317708
1118880	0.007291667
1120320	0.007291667
1121760	0.007265625
1123200	0.007265625
1124640	0.007239583
1126080	0.007239583
1127520	0.007213542
1128960	0.007213542
1130400	0.0071875
1131840	0.0071875
1133280	0.007161458
1134720	0.007161458
1136160	0.007135417
1137600	0.007135417
1139040	0.007135417
1140480	0.007109375
1141920	0.007109375
1143360	0.007083333
1144800	0.007083333
1146240	0.007057292
1147680	0.007057292
1149120	0.00703125
1150560	0.00703125
1152000	0.007005208
