3481	
0.144	0
0.288	0
0.576	0
0.864	0
1.296	0
1.872	0
2.592	0
3.456	0
4.608	0
6.192	0
8.064	0
10.656	0
14.112	0
18.432	0
24.048	0
31.392	0
41.04	0
53.568	0
69.696	0
90.72	0
118.08	0
153.648	0
199.872	0
260.064	0
338.256	0
392.976	0
405.648	0
411.264	0
418.464	0
423.504	0
428.544	0
432	0
434.448	0
435.312	0
436.176	0
436.896	0
437.472	0
438.048	0
438.624	0
439.2	0
439.632	0
440.064	0
440.64	0
441.216	0
441.936	0
442.656	0
443.376	0
443.952	0
444.672	0
445.536	0
446.4	0
447.264	0
448.272	0
449.136	0
450	0
450.576	0
451.008	0
451.44	0
452.016	0
452.448	0
452.88	0
453.168	0
453.6	0
454.032	0
454.464	0
454.752	0
455.184	0
455.76	0
456.048	0
456.48	0
457.056	0
457.488	0
457.92	0
458.496	0
459.216	0
459.792	0
460.512	0
461.376	0
462.096	0
462.96	0
463.968	0
464.976	0
466.272	0
467.568	0
469.008	0
470.304	0
472.032	0
473.76	0
475.488	0
477.216	0
479.52	0
481.68	0
483.984	0
485.568	0
486.72	0
487.728	0
488.88	0
490.32	0
492.192	0
494.064	0
496.512	0
498.96	0
502.128	0
505.152	0
508.32	0
511.488	0
513.792	0
515.952	0
517.536	0
518.976	0
520.56	0
522.144	0
524.16	0
526.752	0
529.344	0
531.936	0
534.528	0
537.264	0
539.856	0
542.448	0
545.04	0
547.632	0
550.224	0
553.68	0
555.984	0
557.712	0
558.864	0
560.016	0
560.88	0
561.6	0
562.464	0
563.328	0
564.336	0
565.776	0
567.504	0
569.232	0
571.104	0
572.832	0
574.704	0
576.432	0
578.304	0
580.032	0
581.904	0
583.632	0
585.36	0
587.232	0
588.96	0
590.256	0
591.84	0
594	0
596.16	0
598.896	0
601.632	0
605.232	0
609.84	0
614.592	0
619.2	0
623.808	0
628.56	0
633.168	0
637.776	0
643.824	0
649.872	0
655.92	0
661.968	0
666.288	0
671.76	0
678.96	0
683.856	0
690.48	0
696.96	0
701.568	0
706.032	0
711.936	0
717.984	0
725.616	0
733.392	0
741.024	0
748.8	0
756.432	0
764.208	0
771.84	0
779.616	0
787.248	0
795.024	0
800.352	0
805.824	0
812.88	0
819.792	0
829.008	0
840.816	0
856.224	0
871.632	0
882.432	0
893.232	0
904.032	0
914.832	0
925.488	0
933.12	0
938.448	0
943.632	0
947.376	0
947.664	0
947.952	0
948.096	0
948.384	0
948.528	0
948.672	0
948.816	0
948.96	0
949.104	0
949.104	0
949.248	0
949.392	0
949.392	0
949.536	0
949.68	0
949.824	0
949.824	0
949.968	0
950.112	0
950.112	0
950.256	0
950.4	0
950.544	0
950.688	0
950.688	0
950.832	0
950.976	0
951.12	0
951.264	0
951.264	0
951.408	0
951.408	0
951.408	0
951.552	0
951.552	0
951.696	0
951.84	0
951.984	0
952.272	0
952.416	0
952.848	0
953.28	0
953.856	0
954.72	0
955.728	0
957.024	0
958.752	0
961.056	0
963.936	0
966.96	0
969.84	0
973.584	0
978.624	0
983.52	0
990	0
998.352	0
1009.152	0
1023.408	0
1041.696	0
1060.128	0
1078.416	0
1102.32	0
1126.224	0
1150.128	0
1174.032	0
1197.936	0
1221.84	0
1238.544	0
1250.208	0
1261.872	0
1270.08	0
1278.288	0
1286.496	0
1294.704	0
1302.912	0
1313.568	0
1324.224	0
1334.88	0
1348.704	0
1362.528	0
1380.528	0
1398.528	0
1416.528	0
1434.528	0
1452.528	0
1470.528	0
1488.528	0
1506.528	0
1524.528	0
1542.528	0
1560.528	9.63542E-05
1578.528	0.000940104
1596.528	0.001127604
1620	0.001942708
1650.384	0.002510417
1680.912	0.004114583
1702.08	0.005182292
1723.392	0.006067708
1738.368	0.006770833
1748.736	0.006927083
1759.248	0.007161458
1769.616	0.007239583
1783.152	0.008072917
1796.832	0.008541667
1810.368	0.0090625
1823.904	0.009348958
1837.44	0.0096875
1855.152	0.009895833
1867.392	0.010807292
1879.776	0.01125
1892.16	0.012083333
1904.544	0.01265625
1916.784	0.013411458
1929.168	0.0140625
1941.552	0.015338542
1953.936	0.01734375
1962.576	0.018255208
1971.216	0.0184375
1979.856	0.019088542
1988.496	0.019791667
1997.136	0.02109375
2005.776	0.022395833
2011.824	0.02359375
2017.872	0.024375
2023.92	0.025104167
2029.968	0.025963542
2036.016	0.026822917
2042.064	0.027604167
2048.112	0.027864583
2054.16	0.027864583
2060.208	0.027864583
2064.384	0.028125
2068.704	0.028385417
2071.584	0.029947917
2074.608	0.03046875
2077.488	0.030729167
2080.512	0.030729167
2083.392	0.030989583
2086.416	0.030989583
2089.44	0.030989583
2092.32	0.03125
2095.344	0.03125
2098.224	0.031510417
2101.248	0.031510417
2104.272	0.031510417
2107.152	0.031510417
2110.176	0.031510417
2113.92	0.031510417
2118.96	0.031770833
2124	0.03203125
2129.04	0.032552083
2134.08	0.033333333
2138.976	0.03359375
2144.016	0.03359375
2149.056	0.03359375
2154.096	0.033854167
2159.136	0.033854167
2162.592	0.034114583
2165.04	0.034114583
2167.488	0.034375
2169.936	0.034375
2172.384	0.034375
2174.832	0.034375
2177.28	0.034635417
2179.728	0.034895833
2182.176	0.03515625
2184.624	0.035416667
2187.072	0.035677083
2189.52	0.035677083
2191.248	0.036197917
2192.976	0.036458333
2194.704	0.03671875
2196.432	0.036979167
2197.584	0.036979167
2198.88	0.036979167
2200.032	0.036979167
2201.184	0.037239583
2202.48	0.0375
2203.632	0.037760417
2204.928	0.037760417
2206.08	0.037760417
2207.664	0.038020833
2209.248	0.03828125
2210.688	0.03828125
2212.272	0.038541667
2213.856	0.038541667
2215.44	0.038802083
2217.024	0.038802083
2218.608	0.0390625
2219.616	0.039322917
2220.48	0.039322917
2221.2	0.039583333
2221.92	0.039583333
2222.928	0.039583333
2223.648	0.039583333
2224.512	0.039583333
2225.52	0.039583333
2226.384	0.03984375
2227.248	0.040104167
2228.256	0.040104167
2229.12	0.040364583
2229.984	0.040364583
2230.848	0.040625
2231.856	0.040625
2233.008	0.040625
2234.16	0.040625
2235.312	0.040885417
2236.464	0.040885417
2237.76	0.040885417
2239.2	0.040885417
2241.216	0.040885417
2243.232	0.040885417
2245.248	0.041145833
2247.264	0.041145833
2249.136	0.041145833
2251.152	0.041145833
2253.168	0.04140625
2254.608	0.04140625
2255.904	0.041666667
2257.344	0.041927083
2258.352	0.0421875
2259.36	0.0421875
2260.224	0.0421875
2261.232	0.0421875
2262.24	0.0421875
2263.248	0.0421875
2264.256	0.0421875
2265.12	0.0421875
2266.128	0.042447917
2267.136	0.042447917
2268.144	0.042447917
2269.296	0.042447917
2270.592	0.042447917
2271.888	0.042447917
2273.184	0.042447917
2274.48	0.042447917
2275.632	0.042447917
2276.928	0.042708333
2278.224	0.042708333
2279.52	0.042708333
2280.816	0.04296875
2282.112	0.04296875
2283.264	0.043229167
2284.56	0.043229167
2285.856	0.043229167
2287.152	0.043229167
2288.448	0.043229167
2289.312	0.043229167
2290.176	0.043229167
2291.04	0.043489583
2291.904	0.043489583
2293.056	0.043489583
2294.208	0.043489583
2295.36	0.043489583
2296.512	0.043489583
2297.664	0.043489583
2298.528	0.043489583
2299.392	0.04375
2300.112	0.04375
2300.976	0.04375
2301.552	0.04375
2302.128	0.04375
2302.704	0.04375
2303.136	0.04375
2303.712	0.04375
2304.288	0.04375
2304.864	0.04375
2305.44	0.04375
2305.872	0.044010417
2306.304	0.044010417
2306.592	0.044010417
2307.024	0.044010417
2307.456	0.044010417
2307.888	0.044010417
2308.176	0.044010417
2308.608	0.044010417
2309.04	0.044010417
2309.472	0.044010417
2310.048	0.044010417
2310.624	0.044010417
2311.056	0.044010417
2311.632	0.044010417
2312.064	0.044010417
2312.64	0.044010417
2313.216	0.044010417
2313.648	0.044010417
2314.224	0.044010417
2314.656	0.044010417
2315.232	0.044010417
2315.664	0.044270833
2316.24	0.044270833
2316.528	0.044270833
2316.816	0.044270833
2317.104	0.044270833
2317.392	0.044270833
2317.536	0.044270833
2317.68	0.044270833
2317.824	0.044270833
2318.112	0.044270833
2318.112	0.044270833
2318.4	0.044270833
2318.544	0.044270833
2318.832	0.044270833
2319.12	0.044270833
2319.408	0.044270833
2319.696	0.044270833
2319.84	0.044270833
2320.128	0.044270833
2320.416	0.044270833
2320.704	0.044270833
2320.992	0.044270833
2321.28	0.044270833
2321.568	0.044270833
2321.856	0.044270833
2322.144	0.044270833
2322.576	0.044270833
2322.864	0.044270833
2323.152	0.044270833
2323.584	0.044270833
2323.872	0.044270833
2324.304	0.044270833
2324.592	0.044270833
2324.88	0.044270833
2325.168	0.044270833
2325.312	0.044270833
2325.6	0.044270833
2325.888	0.044270833
2326.176	0.04453125
2326.464	0.04453125
2326.752	0.04453125
2327.04	0.04453125
2327.328	0.04453125
2327.76	0.04453125
2328.192	0.04453125
2328.624	0.04453125
2328.912	0.04453125
2329.2	0.04453125
2329.488	0.04453125
2329.92	0.04453125
2330.208	0.04453125
2330.496	0.04453125
2330.784	0.04453125
2331.072	0.04453125
2331.36	0.04453125
2331.648	0.04453125
2331.936	0.04453125
2332.224	0.04453125
2332.368	0.04453125
2332.656	0.04453125
2332.8	0.04453125
2332.944	0.04453125
2333.232	0.04453125
2333.376	0.04453125
2333.664	0.04453125
2333.808	0.04453125
2334.096	0.04453125
2334.24	0.04453125
2334.384	0.04453125
2334.528	0.04453125
2334.672	0.04453125
2334.816	0.04453125
2334.96	0.04453125
2334.96	0.04453125
2335.104	0.04453125
2335.248	0.04453125
2335.392	0.04453125
2335.536	0.04453125
2335.68	0.04453125
2335.824	0.04453125
2335.968	0.04453125
2335.968	0.04453125
2336.112	0.04453125
2336.112	0.04453125
2336.112	0.04453125
2336.256	0.04453125
2336.256	0.04453125
2336.256	0.04453125
2336.4	0.04453125
2336.4	0.04453125
2336.4	0.04453125
2336.544	0.04453125
2336.544	0.04453125
2336.544	0.04453125
2336.688	0.04453125
2336.688	0.04453125
2336.832	0.04453125
2336.976	0.04453125
2337.12	0.04453125
2337.264	0.04453125
2337.408	0.04453125
2337.84	0.04453125
2338.128	0.04453125
2338.704	0.04453125
2339.424	0.04453125
2340.288	0.04453125
2341.44	0.04453125
2342.88	0.04453125
2344.896	0.04453125
2347.344	0.044791667
2350.656	0.044791667
2353.824	0.044791667
2358.144	0.044791667
2362.32	0.044791667
2366.64	0.044791667
2372.112	0.044791667
2379.312	0.045052083
2388.672	0.045052083
2400.768	0.045052083
2413.008	0.0453125
2421.504	0.0453125
2432.448	0.0453125
2443.536	0.045572917
2454.624	0.045833333
2468.88	0.045833333
2487.6	0.04609375
2506.32	0.04609375
2524.896	0.046354167
2549.232	0.046614583
2573.424	0.047135417
2597.76	0.04765625
2621.952	0.047916667
2646.288	0.0484375
2669.616	0.048697917
2692.944	0.048958333
2716.416	0.048958333
2739.744	0.04921875
2763.072	0.049479167
2786.544	0.049739583
2809.872	0.05
2844.864	0.050520833
2862.432	0.05078125
2880	0.051041667
2902.032	0.051822917
2917.584	0.052083333
2932.992	0.052604167
2948.4	0.052864583
2963.952	0.052864583
2979.36	0.053125
2999.52	0.053645833
3013.488	0.05390625
3031.776	0.054166667
3055.536	0.054427083
3086.496	0.055208333
3117.312	0.055729167
3148.272	0.05625
3179.232	0.05625
3210.048	0.056510417
3250.224	0.056770833
3290.4	0.056770833
3342.672	0.057291667
3394.8	0.057552083
3447.072	0.0578125
3483.648	0.058072917
3531.168	0.058072917
3592.944	0.058333333
3673.296	0.058854167
3753.504	0.059375
3833.856	0.06015625
3914.208	0.060416667
3970.368	0.060677083
4009.68	0.0609375
4049.136	0.0609375
4076.64	0.061197917
4104.144	0.061197917
4123.44	0.061197917
4128.048	0.061197917
4132.512	0.061197917
4135.68	0.061197917
4138.848	0.061458333
4141.872	0.061458333
4145.04	0.061458333
4148.208	0.061458333
4151.376	0.061458333
4154.544	0.061458333
4158.576	0.061458333
4162.752	0.061458333
4166.784	0.061458333
4170.96	0.061458333
4174.992	0.061458333
4179.024	0.061458333
4183.2	0.061458333
4187.232	0.061458333
4191.408	0.061458333
4195.44	0.061458333
4199.616	0.061458333
4202.496	0.061458333
4204.368	0.06171875
4205.808	0.06171875
4207.248	0.06171875
4208.688	0.06171875
4210.416	0.06171875
4212.288	0.06171875
4214.16	0.06171875
4215.888	0.06171875
4217.76	0.06171875
4219.632	0.06171875
4221.36	0.06171875
4223.232	0.06171875
4224.528	0.061979167
4225.824	0.061979167
4227.12	0.061979167
4228.416	0.061979167
4229.712	0.061979167
4230.576	0.061979167
4231.44	0.061979167
4232.304	0.061979167
4233.168	0.061979167
4234.176	0.061979167
4235.04	0.061979167
4235.904	0.061979167
4236.768	0.061979167
4237.632	0.061979167
4238.64	0.061979167
4239.504	0.061979167
4240.368	0.061979167
4241.232	0.061979167
4242.24	0.061979167
4243.104	0.061979167
4243.968	0.061979167
4244.832	0.061979167
4245.984	0.061979167
4247.136	0.061979167
4248.288	0.061979167
4249.872	0.061979167
4251.312	0.061979167
4252.896	0.061979167
4254.336	0.061979167
4255.92	0.061979167
4257.36	0.061979167
4259.376	0.061979167
4261.392	0.061979167
4263.264	0.061979167
4265.28	0.061979167
4267.296	0.061979167
4269.168	0.061979167
4271.184	0.061979167
4273.2	0.061979167
4275.072	0.061979167
4277.088	0.061979167
4279.104	0.061979167
4280.976	0.061979167
4282.992	0.061979167
4284.864	0.061979167
4286.304	0.061979167
4287.744	0.061979167
4289.472	0.061979167
4290.768	0.061979167
4291.92	0.061979167
4293.216	0.061979167
4294.512	0.061979167
4295.376	0.061979167
4296.24	0.061979167
4297.104	0.062239583
4297.968	0.062239583
4298.832	0.062239583
4299.696	0.062239583
4300.56	0.062239583
4301.424	0.062239583
4302.432	0.062239583
4303.296	0.062239583
4304.16	0.062239583
4305.312	0.062239583
4306.464	0.062239583
4307.472	0.062239583
4308.624	0.062239583
4309.776	0.062239583
4310.928	0.062239583
4312.08	0.062239583
4313.232	0.062239583
4314.384	0.062239583
4315.536	0.062239583
4316.688	0.062239583
4317.84	0.062239583
4318.992	0.062239583
4319.712	0.062239583
4320.576	0.062239583
4321.296	0.062239583
4322.16	0.062239583
4322.88	0.062239583
4323.744	0.062239583
4324.752	0.062239583
4325.76	0.062239583
4326.48	0.062239583
4327.488	0.062239583
4328.352	0.062239583
4329.36	0.062239583
4330.224	0.062239583
4331.232	0.062239583
4332.24	0.062239583
4333.104	0.062239583
4334.112	0.0625
4334.976	0.0625
4335.984	0.0625
4336.848	0.0625
4337.856	0.0625
4338.72	0.0625
4339.728	0.0625
4340.592	0.0625
4341.6	0.0625
4342.608	0.0625
4343.472	0.0625
4344.768	0.0625
4345.92	0.0625
4347.216	0.0625
4348.368	0.0625
4349.664	0.0625
4350.816	0.0625
4352.112	0.0625
4353.264	0.0625
4354.56	0.0625
4355.712	0.0625
4357.008	0.0625
4358.16	0.0625
4359.456	0.0625
4360.608	0.0625
4361.904	0.0625
4362.768	0.0625
4363.632	0.0625
4364.496	0.0625
4365.36	0.0625
4366.224	0.0625
4367.088	0.0625
4367.952	0.0625
4368.816	0.0625
4369.68	0.0625
4370.688	0.0625
4371.84	0.0625
4372.992	0.0625
4374.144	0.062760417
4375.152	0.062760417
4376.304	0.062760417
4377.456	0.062760417
4378.608	0.062760417
4379.616	0.062760417
4380.768	0.062760417
4381.632	0.062760417
4382.352	0.062760417
4383.36	0.062760417
4384.08	0.062760417
4384.512	0.062760417
4385.088	0.062760417
4385.52	0.062760417
4386.096	0.062760417
4386.528	0.062760417
4387.104	0.062760417
4387.536	0.062760417
4388.112	0.062760417
4388.544	0.062760417
4389.264	0.062760417
4389.84	0.062760417
4390.56	0.062760417
4391.136	0.062760417
4391.712	0.062760417
4392.432	0.062760417
4393.008	0.062760417
4393.728	0.062760417
4394.304	0.062760417
4395.024	0.062760417
4395.6	0.062760417
4396.464	0.062760417
4397.328	0.062760417
4398.192	0.062760417
4399.344	0.062760417
4400.352	0.062760417
4401.504	0.062760417
4402.512	0.062760417
4403.664	0.062760417
4404.816	0.062760417
4405.824	0.062760417
4406.976	0.062760417
4407.984	0.062760417
4409.136	0.062760417
4410.144	0.062760417
4411.296	0.062760417
4412.448	0.062760417
4413.456	0.062760417
4414.32	0.062760417
4415.04	0.062760417
4415.76	0.062760417
4416.624	0.062760417
4417.344	0.062760417
4418.064	0.062760417
4418.784	0.062760417
4419.648	0.062760417
4420.368	0.062760417
4421.088	0.062760417
4421.952	0.062760417
4422.672	0.062760417
4423.392	0.063020833
4424.256	0.063020833
4424.976	0.063020833
4425.696	0.063020833
4426.56	0.063020833
4427.28	0.063020833
4428	0.063020833
4428.864	0.063020833
4429.584	0.063020833
4430.304	0.063020833
4431.168	0.063020833
4431.888	0.063020833
4432.608	0.063020833
4433.328	0.063020833
4434.192	0.063020833
4434.912	0.063020833
4435.632	0.063020833
4436.496	0.063020833
4437.216	0.063020833
4437.792	0.063020833
4438.224	0.063020833
4438.8	0.063020833
4439.376	0.063020833
4439.952	0.063020833
4440.384	0.063020833
4440.96	0.063020833
4441.392	0.063020833
4441.68	0.063020833
4442.112	0.063020833
4442.4	0.063020833
4442.832	0.063020833
4443.264	0.063020833
4443.552	0.063020833
4443.984	0.063020833
4444.416	0.063020833
4444.704	0.063020833
4445.136	0.063020833
4445.424	0.063020833
4445.856	0.063020833
4446.288	0.063020833
4446.576	0.063020833
4447.008	0.063020833
4447.296	0.063020833
4447.728	0.063020833
4448.16	0.063020833
4448.736	0.063020833
4449.168	0.063020833
4449.6	0.063020833
4450.176	0.063020833
4450.608	0.063020833
4451.328	0.063020833
4452.048	0.063020833
4452.912	0.06328125
4453.776	0.06328125
4454.64	0.06328125
4455.36	0.06328125
4456.224	0.06328125
4457.088	0.06328125
4457.808	0.06328125
4458.672	0.06328125
4459.824	0.06328125
4460.832	0.06328125
4461.84	0.06328125
4463.28	0.06328125
4464.72	0.06328125
4466.016	0.06328125
4467.456	0.06328125
4468.896	0.06328125
4470.624	0.06328125
4472.496	0.06328125
4474.368	0.06328125
4476.096	0.06328125
4477.968	0.06328125
4480.272	0.06328125
4482.576	0.06328125
4485.024	0.06328125
4487.328	0.06328125
4489.632	0.063541667
4492.08	0.063541667
4494.384	0.063541667
4496.688	0.063541667
4499.136	0.063541667
4501.44	0.063541667
4504.464	0.063541667
4507.632	0.063541667
4510.656	0.063541667
4513.68	0.063802083
4516.704	0.063802083
4520.736	0.063802083
4524.768	0.063802083
4528.656	0.063802083
4533.84	0.063802083
4539.024	0.063802083
4544.208	0.063802083
4549.392	0.063802083
4554.576	0.063802083
4559.76	0.0640625
4564.8	0.0640625
4569.984	0.0640625
4575.168	0.0640625
4580.352	0.0640625
4585.536	0.0640625
4590.72	0.0640625
4595.904	0.0640625
4601.088	0.064322917
4607.712	0.064322917
4612.464	0.064322917
4618.656	0.064322917
4624.704	0.064322917
4630.896	0.064322917
4636.944	0.064322917
4643.136	0.064583333
4649.184	0.064583333
4655.232	0.064583333
4661.424	0.064583333
4669.344	0.064583333
4677.264	0.064583333
4685.328	0.06484375
4693.248	0.06484375
4701.168	0.06484375
4709.088	0.06484375
4717.008	0.065104167
4725.072	0.065104167
4732.992	0.065104167
4740.912	0.065104167
4748.832	0.065104167
4756.896	0.065364583
4767.12	0.065364583
4777.488	0.065364583
4787.856	0.065364583
4798.224	0.065625
4808.448	0.065625
4818.816	0.065885417
4829.184	0.065885417
4842.576	0.065885417
4856.112	0.065885417
4873.536	0.066145833
4896.288	0.066145833
4918.896	0.06640625
4934.88	0.06640625
4950.72	0.066666667
4966.704	0.066666667
4982.544	0.066927083
4998.384	0.066927083
5014.368	0.0671875
5030.208	0.0671875
5046.048	0.067447917
5062.032	0.067708333
5073.12	0.06796875
5084.208	0.068229167
5095.44	0.068489583
5106.528	0.068489583
5117.616	0.068489583
5128.848	0.068489583
5139.936	0.06875
5151.024	0.06875
5162.112	0.06875
5173.344	0.06875
5184.432	0.06875
5198.832	0.06875
5213.376	0.069010417
5232.096	0.069010417
5250.96	0.069010417
5269.824	0.069270833
5288.544	0.069270833
5307.408	0.069270833
5326.128	0.06953125
5344.992	0.069791667
5363.856	0.069791667
5382.576	0.069791667
5401.44	0.070052083
5420.16	0.070052083
5439.024	0.0703125
5457.744	0.070572917
5476.608	0.070833333
5495.472	0.07109375
5514.192	0.07109375
5533.056	0.071354167
5551.776	0.071614583
5570.64	0.071875
5589.648	0.072135417
5602.752	0.072135417
5615.856	0.072395833
5629.104	0.072395833
5642.208	0.07265625
5655.312	0.07265625
5668.416	0.07265625
5686.704	0.072916667
5704.992	0.0734375
5716.08	0.073697917
5727.024	0.073958333
5737.968	0.073958333
5760	0.07421875
5775.552	0.074479167
5791.104	0.074479167
5806.656	0.074479167
5822.352	0.074739583
5842.512	0.074739583
5862.816	0.074739583
5882.976	0.074739583
5909.328	0.075
5943.6	0.075
5967.504	0.075
5991.408	0.075260417
6015.456	0.075260417
6032.16	0.075260417
6048.864	0.075260417
6060.672	0.075520833
6072.336	0.075520833
6084.144	0.075520833
6099.408	0.075520833
6114.672	0.075520833
6134.544	0.075520833
6154.272	0.07578125
6174.144	0.07578125
6194.016	0.076041667
6213.744	0.076041667
6233.616	0.076302083
6259.392	0.076302083
6285.168	0.076302083
6310.944	0.076302083
6336.72	0.0765625
6362.496	0.0765625
6396.048	0.0765625
6429.6	0.076822917
6463.152	0.076822917
6506.64	0.077083333
6550.272	0.077083333
6593.76	0.07734375
6637.392	0.07734375
6681.024	0.077604167
6724.512	0.077864583
6768.144	0.078125
6782.688	0.078125
6797.088	0.078125
6811.632	0.078125
6826.176	0.078385417
6840.72	0.078385417
6859.584	0.078645833
6878.448	0.07890625
6897.312	0.07890625
6921.936	0.07890625
6946.416	0.07890625
6971.04	0.07890625
6995.52	0.079166667
7020.144	0.079166667
7051.968	0.079166667
7083.936	0.079166667
7115.76	0.079427083
7157.232	0.079427083
7211.232	0.0796875
7265.088	0.079947917
7335.216	0.080208333
7405.344	0.080208333
7496.496	0.080208333
7610.832	0.08046875
7725.168	0.08046875
7877.664	0.080729167
8068.176	0.080989583
8258.832	0.08125
8449.344	0.08125
8640	0.080989583
8840.16	0.080729167
9040.464	0.08046875
9240.624	0.079947917
9440.928	0.079427083
9700.848	0.078645833
9960.624	0.077604167
10220.544	0.076302083
10480.464	0.075520833
10826.928	0.074479167
11173.536	0.0734375
11520	0.07265625
12096	0.07109375
12672	0.069791667
13536	0.067708333
14400	0.065364583
15120	0.0640625
16200	0.061979167
17280	0.059635417
18240.048	0.0578125
19199.952	0.05625
20160	0.055208333
21600	0.053125
23040	0.0515625
24480	0.05
25920	0.048697917
27360	0.04765625
28800	0.046354167
30240	0.0453125
31680	0.044270833
33120	0.043229167
34560	0.042447917
36000	0.041666667
37440	0.040885417
38880	0.040364583
40320	0.039583333
41760	0.0390625
43200	0.03828125
44640	0.037760417
46080	0.037239583
47520	0.03671875
48960	0.036197917
50400	0.035677083
51840	0.03515625
53280	0.034635417
54720	0.034114583
56160	0.033854167
57600	0.033333333
59040	0.033072917
60480	0.0328125
61920	0.032291667
63360	0.03203125
64800	0.031510417
66240	0.03125
67680	0.030989583
69120	0.030729167
70560	0.030208333
72000	0.029947917
73440	0.0296875
74880	0.029427083
76320	0.029166667
77760	0.02890625
79200	0.028645833
80640	0.028385417
82080	0.028125
83520	0.027864583
84960	0.027604167
86400	0.02734375
87840	0.02734375
89280	0.027083333
90720	0.026822917
92160	0.0265625
93600	0.026302083
95040	0.026302083
96480	0.025989583
97920	0.025807292
99360	0.025598958
100800	0.025416667
102240	0.025260417
103680	0.025078125
105120	0.024895833
106560	0.024713542
108000	0.024557292
109440	0.024401042
110880	0.02421875
112320	0.0240625
113760	0.023932292
115200	0.023776042
116640	0.023619792
118080	0.023489583
119520	0.023333333
120960	0.023203125
122400	0.023046875
123840	0.022916667
125280	0.022786458
126720	0.02265625
128160	0.022526042
129600	0.022395833
131040	0.022265625
132480	0.022135417
133920	0.022005208
135360	0.021901042
136800	0.021770833
138240	0.021666667
139680	0.021536458
141120	0.021432292
142560	0.021302083
144000	0.021197917
144000.144	0.021197917
144000.288	0.021197917
144000.576	0.021197917
144000.864	0.021197917
144001.296	0.021197917
144001.872	0.021197917
144002.592	0.021197917
144003.456	0.021197917
144004.608	0.021197917
144006.192	0.021197917
144008.064	0.021197917
144010.656	0.021197917
144014.112	0.021197917
144018.432	0.021197917
144024.48	0.021197917
144031.68	0.021197917
144041.184	0.021197917
144050.832	0.021197917
144060.48	0.021197917
144075.312	0.021197917
144097.344	0.021197917
144119.52	0.021197917
144149.76	0.021197917
144180	0.021197917
144210.24	0.021171875
144240.48	0.021171875
144299.52	0.021171875
144360	0.021171875
144420.48	0.021171875
144479.52	0.021171875
144540	0.021145833
144600.48	0.021145833
144659.52	0.021145833
144720	0.021145833
144780.48	0.021145833
144839.52	0.021145833
144900	0.021119792
144960.48	0.021119792
145019.52	0.021119792
145080	0.021119792
145140.48	0.021119792
145199.52	0.021119792
145260	0.02109375
145320.48	0.02109375
145379.52	0.02109375
145440	0.02109375
145500.48	0.02109375
145559.52	0.021067708
145620	0.021067708
145680.48	0.021067708
145739.52	0.021067708
145800	0.021067708
145860.48	0.021067708
145919.52	0.021041667
145980	0.021041667
146040.48	0.021041667
146099.52	0.021041667
146160	0.021041667
146220.48	0.021041667
146279.52	0.021015625
146340	0.021015625
146400.48	0.021015625
146459.52	0.021015625
146520	0.021015625
146580.48	0.021015625
146639.52	0.020989583
146700	0.020989583
146760.48	0.020989583
146819.52	0.020989583
146880	0.020989583
146940.48	0.020989583
146999.52	0.020963542
147060	0.020963542
147120.48	0.020963542
147179.52	0.020963542
147240	0.020963542
147300.48	0.020963542
147359.52	0.0209375
147420	0.0209375
147480.48	0.0209375
147539.52	0.0209375
147600	0.0209375
147660.48	0.0209375
147719.52	0.020911458
147780	0.020911458
147840.48	0.020911458
147899.52	0.020911458
147960	0.020911458
148020.48	0.020911458
148079.52	0.020911458
148140	0.020885417
148200.48	0.020885417
148259.52	0.020885417
148320	0.020885417
148380.48	0.020885417
148439.52	0.020885417
148500	0.020885417
148560.48	0.020859375
148619.52	0.020859375
148680	0.020859375
148740.48	0.020859375
148799.52	0.020859375
148860	0.020859375
148920.48	0.020859375
148979.52	0.020859375
149040	0.020833333
149100.48	0.020833333
149159.52	0.020833333
149220	0.020833333
149280.48	0.020833333
149339.52	0.020833333
149400	0.020833333
149460.48	0.020833333
149519.52	0.020807292
149580	0.020807292
149640.48	0.020807292
149699.52	0.020807292
149760	0.020807292
149820.48	0.020807292
149879.52	0.020807292
149940	0.020807292
150000.48	0.020807292
150059.52	0.02078125
150120	0.02078125
150180.48	0.02078125
150239.52	0.02078125
150300	0.02078125
150360.48	0.02078125
150419.52	0.02078125
150480	0.02078125
150540.48	0.02078125
150599.52	0.02078125
150660	0.02078125
150720.48	0.020755208
150779.52	0.020755208
150840	0.020755208
150900.48	0.020755208
150959.52	0.020755208
151020	0.020755208
151080.48	0.020755208
151139.52	0.020755208
151200	0.020755208
151260.48	0.020755208
151319.52	0.020755208
151380	0.020755208
151440.48	0.020755208
151499.52	0.020755208
151560	0.020755208
151620.48	0.020807292
151679.52	0.020833333
151740	0.020885417
151800.48	0.021041667
151859.52	0.021197917
151920	0.021380208
151980.48	0.021588542
152039.52	0.02171875
152100	0.021979167
152160.48	0.022239583
152219.52	0.022526042
152280	0.022838542
152340.48	0.023229167
152399.52	0.023723958
152429.76	0.0240625
152460	0.024453125
152480.16	0.024765625
152500.32	0.025052083
152520.48	0.025338542
152540.208	0.025598958
152559.792	0.025885417
152579.52	0.026302083
152594.64	0.0265625
152609.76	0.026822917
152624.88	0.026822917
152640	0.027083333
152655.12	0.02734375
152670.24	0.027604167
152685.36	0.027604167
152700.48	0.027864583
152710.272	0.028125
152720.208	0.028385417
152730	0.028385417
152739.792	0.028645833
152749.728	0.028645833
152759.52	0.02890625
152771.616	0.02890625
152787.744	0.029166667
152803.872	0.029427083
152820	0.029427083
152840.16	0.029947917
152853.552	0.029947917
152867.088	0.030208333
152880.48	0.03046875
152895.168	0.030729167
152917.344	0.030989583
152939.52	0.03125
152959.68	0.031770833
152979.84	0.03203125
153000	0.032291667
153020.16	0.032552083
153040.32	0.0328125
153060.48	0.033333333
153075.168	0.033333333
153097.344	0.033854167
153119.52	0.034114583
153139.68	0.034375
153159.84	0.034635417
153180	0.03515625
153200.16	0.035416667
153220.32	0.035677083
153240.48	0.036197917
153260.208	0.036458333
153279.792	0.03671875
153299.52	0.037239583
153319.68	0.0375
153360	0.038020833
153390.24	0.038541667
153420.48	0.0390625
153450	0.039583333
153479.52	0.040104167
153499.68	0.040625
153519.84	0.040885417
153540	0.041145833
153560.16	0.041666667
153580.32	0.041927083
153600.48	0.0421875
153620.208	0.042708333
153639.792	0.04296875
153659.52	0.043229167
153689.76	0.04375
153704.88	0.044010417
153720	0.044270833
153740.16	0.044791667
153760.32	0.045052083
153780.48	0.0453125
153800.208	0.045833333
153819.792	0.04609375
153839.52	0.046354167
153859.68	0.046614583
153879.84	0.047135417
153900	0.047395833
153920.16	0.04765625
153940.32	0.048177083
153960.48	0.0484375
153980.208	0.048958333
153993.312	0.04921875
154006.416	0.049479167
154019.52	0.049739583
154031.616	0.05
154047.744	0.050260417
154063.872	0.050520833
154080	0.05078125
154100.16	0.051041667
154120.32	0.0515625
154140.48	0.051822917
154170	0.05234375
154199.52	0.052864583
154229.76	0.053385417
154260	0.05390625
154290.24	0.0546875
154305.36	0.054947917
154320.48	0.055208333
154350	0.055729167
154379.52	0.05625
154409.76	0.05703125
154440	0.057552083
154470.24	0.058072917
154500.48	0.05859375
154530	0.059375
154559.52	0.059895833
154579.68	0.060416667
154599.84	0.0609375
154620	0.061197917
154635.12	0.06171875
154650.24	0.061979167
154665.36	0.062239583
154680.48	0.0625
154695.168	0.062760417
154710	0.06328125
154724.832	0.063541667
154739.52	0.063802083
154754.64	0.0640625
154766.016	0.064322917
154783.008	0.06484375
154791.504	0.06484375
154800	0.065104167
154807.632	0.065364583
154815.12	0.065364583
154822.608	0.065625
154830.24	0.065625
154837.728	0.065885417
154845.36	0.066145833
154852.848	0.066145833
154860.48	0.06640625
154867.824	0.066666667
154875.312	0.066666667
154882.656	0.066927083
154890	0.0671875
154897.344	0.0671875
154904.688	0.067447917
154912.176	0.067708333
154919.52	0.06796875
154927.008	0.068229167
154934.64	0.068229167
154942.128	0.068489583
154949.76	0.06875
154957.248	0.069010417
154964.88	0.069270833
154972.368	0.06953125
154980	0.06953125
154987.632	0.069791667
154995.12	0.070052083
155002.608	0.0703125
155012.112	0.070572917
155021.616	0.070833333
155030.976	0.07109375
155040.48	0.071354167
155050.272	0.071614583
155060.208	0.071875
155070	0.072135417
155079.792	0.072395833
155089.728	0.07265625
155099.52	0.072916667
155109.6	0.0734375
155119.68	0.073697917
155129.76	0.073958333
155139.84	0.074479167
155149.92	0.074739583
155160	0.075260417
155170.08	0.075520833
155180.16	0.076041667
155186.928	0.076302083
155193.552	0.0765625
155200.32	0.076822917
155207.088	0.077083333
155213.712	0.07734375
155220.48	0.077604167
155227.104	0.077864583
155235.744	0.078125
155244.528	0.078385417
155253.312	0.07890625
155262.096	0.079166667
155270.736	0.079427083
155279.52	0.079947917
155287.008	0.080208333
155292.336	0.08046875
155297.664	0.080989583
155302.992	0.08125
155308.176	0.08125
155313.504	0.081510417
155318.832	0.08203125
155324.16	0.082291667
155329.488	0.082291667
155334.672	0.082552083
155340	0.0828125
155345.328	0.083333333
155350.944	0.08359375
155356.416	0.083854167
155361.888	0.084114583
155367.36	0.084375
155372.976	0.084635417
155378.448	0.084635417
155383.92	0.084895833
155389.392	0.08515625
155395.008	0.085677083
155400.48	0.0859375
155405.808	0.086197917
155411.28	0.08671875
155416.608	0.086979167
155421.936	0.087239583
155427.264	0.0875
155432.736	0.0875
155438.064	0.088020833
155443.392	0.088020833
155451.456	0.08828125
155459.52	0.088541667
155466.288	0.088802083
155472.912	0.0890625
155479.68	0.089322917
155486.448	0.089583333
155493.072	0.089583333
155499.84	0.08984375
155506.608	0.090104167
155513.232	0.090364583
155520	0.090625
155528.64	0.090885417
155537.28	0.09140625
155543.472	0.091666667
155549.664	0.091927083
155555.856	0.0921875
155561.904	0.092447917
155568.096	0.092447917
155580.48	0.09296875
155588.976	0.093229167
155597.328	0.093489583
155605.824	0.09375
155614.176	0.094010417
155622.672	0.094270833
155631.024	0.09453125
155639.52	0.095052083
155648.16	0.095572917
155656.8	0.095833333
155665.44	0.09609375
155674.08	0.096354167
155682.72	0.096875
155688.48	0.097135417
155694.24	0.097135417
155700	0.097395833
155704.032	0.097395833
155708.064	0.09765625
155712.24	0.09765625
155717.568	0.097916667
155722.896	0.097916667
155728.224	0.098177083
155733.696	0.0984375
155739.024	0.0984375
155746.224	0.098697917
155753.28	0.098958333
155760.48	0.09921875
155767.104	0.099479167
155773.584	0.099739583
155782.8	0.099739583
155792.016	0.1
155801.088	0.100260417
155810.304	0.100520833
155819.52	0.10078125
155831.616	0.101041667
155843.712	0.1015625
155855.808	0.101822917
155867.904	0.10234375
155880	0.102604167
155892.096	0.102864583
155908.224	0.103125
155924.352	0.103385417
155940.48	0.10390625
155955.168	0.104427083
155970	0.1046875
155979.792	0.104947917
155989.728	0.105208333
155999.52	0.10546875
156014.64	0.105989583
156029.76	0.10625
156044.88	0.106510417
156060	0.106770833
156075.12	0.107291667
156090.24	0.1078125
156105.36	0.108333333
156120.48	0.10859375
156135.168	0.108854167
156150	0.109375
156164.832	0.109635417
156179.52	0.11015625
156199.68	0.110677083
156219.84	0.111197917
156240	0.11171875
156260.16	0.112239583
156280.32	0.112760417
156300.48	0.11328125
156320.208	0.113541667
156339.792	0.1140625
156349.728	0.1140625
156359.52	0.114322917
156374.64	0.11484375
156389.76	0.115364583
156404.88	0.115885417
156420	0.116145833
156440.16	0.116666667
156460.32	0.1171875
156480.48	0.117708333
156500.208	0.118229167
156519.792	0.11875
156539.52	0.11953125
156559.68	0.119791667
156579.84	0.1203125
156600	0.120833333
156615.12	0.12109375
156630.24	0.121354167
156645.36	0.121875
156660.48	0.122135417
156675.168	0.122395833
156690	0.12265625
156704.832	0.122916667
156719.52	0.1234375
156739.68	0.123958333
156759.84	0.12421875
156780	0.124479167
156810.24	0.125260417
156840.48	0.12578125
156870	0.126302083
156899.52	0.126822917
156919.68	0.12734375
156939.84	0.127604167
156949.92	0.128125
156960	0.128125
156972.096	0.128385417
156984.192	0.128645833
156996.288	0.129166667
157008.384	0.129427083
157020.48	0.1296875
157032.288	0.129947917
157044.096	0.130208333
157055.904	0.13046875
157067.712	0.130729167
157079.52	0.130729167
157094.64	0.130989583
157109.76	0.13125
157124.88	0.131510417
157140	0.131770833
157155.12	0.13203125
157170.24	0.132291667
157200.48	0.133072917
157220.208	0.133333333
157239.792	0.133854167
157259.52	0.134114583
157279.68	0.134375
157299.84	0.134635417
157320	0.13515625
157340.16	0.135416667
157353.552	0.135677083
157367.088	0.1359375
157380.48	0.136197917
157395.168	0.13671875
157410	0.136979167
157424.832	0.137239583
157439.52	0.1375
157454.64	0.137760417
157469.76	0.138020833
157484.88	0.13828125
157500	0.13828125
157515.12	0.138541667
157530.24	0.138802083
157545.36	0.1390625
157560.48	0.139322917
157580.208	0.139583333
157599.792	0.140104167
157619.52	0.140364583
157639.68	0.140625
157659.84	0.140885417
157680	0.14140625
157710.24	0.141666667
157740.48	0.1421875
157770	0.142447917
157784.832	0.142708333
157799.52	0.14296875
157814.64	0.143229167
157829.76	0.143489583
157844.88	0.14375
157860	0.144010417
157872.096	0.144270833
157880.16	0.144270833
157890.24	0.14453125
157900.32	0.14453125
157920.48	0.144791667
157940.208	0.145052083
157959.792	0.1453125
157979.52	0.145572917
157999.68	0.14609375
158019.84	0.146354167
158040	0.146614583
158060.16	0.146875
158080.32	0.147135417
158100.48	0.147395833
158130	0.14765625
158159.52	0.148177083
158174.64	0.1484375
158189.76	0.1484375
158204.88	0.148697917
158220	0.148958333
158235.12	0.14921875
158250.24	0.14921875
158265.36	0.149479167
158280.48	0.149739583
158295.312	0.15
158310	0.150260417
158324.688	0.150260417
158339.52	0.150520833
158359.68	0.15078125
158379.84	0.151041667
158400	0.151041667
158415.12	0.151302083
158430.24	0.1515625
158445.36	0.151822917
158460.48	0.152083333
158480.208	0.152083333
158499.792	0.152604167
158519.52	0.152864583
158534.64	0.153125
158549.76	0.153125
158564.88	0.153385417
158580	0.153645833
158595.12	0.153645833
158610.24	0.15390625
158625.36	0.15390625
158640.48	0.154166667
158655.312	0.154166667
158670	0.154427083
158684.688	0.1546875
158699.52	0.1546875
158714.64	0.154947917
158729.76	0.155208333
158744.88	0.155208333
158760	0.15546875
158780.16	0.15546875
158800.32	0.155729167
158820.48	0.15625
158832.288	0.15625
158847.984	0.156510417
158863.824	0.156510417
158879.52	0.156770833
158887.152	0.156770833
158897.664	0.15703125
158908.32	0.15703125
158918.832	0.15703125
158929.488	0.157291667
158940	0.157291667
158955.12	0.157552083
158970.24	0.157552083
158985.36	0.1578125
159000.48	0.158072917
159020.208	0.158333333
159039.792	0.158333333
159059.52	0.158854167
159079.68	0.158854167
159099.84	0.159114583
159120	0.159375
159140.16	0.159375
159160.32	0.159635417
159180.48	0.159895833
159210	0.16015625
159239.52	0.16015625
159269.76	0.160416667
159300	0.1609375
159320.16	0.1609375
159340.32	0.161197917
159360.48	0.161197917
159380.208	0.161458333
159399.792	0.161458333
159419.52	0.16171875
159449.76	0.161979167
159480	0.162239583
159510.24	0.1625
159525.36	0.1625
159540.48	0.162760417
159560.208	0.162760417
159579.792	0.163020833
159599.52	0.163020833
159619.68	0.16328125
159639.84	0.16328125
159660	0.163541667
159680.16	0.163541667
159700.32	0.163541667
159720.48	0.163802083
159740.208	0.1640625
159759.792	0.1640625
159779.52	0.164322917
159794.64	0.164583333
159817.248	0.164583333
159840	0.164583333
159870.24	0.16484375
159900.48	0.16484375
159930	0.165104167
159959.52	0.165104167
159989.76	0.165364583
160020	0.165364583
160050.24	0.165364583
160080.48	0.165625
160100.208	0.165625
160119.792	0.165885417
160139.52	0.165885417
160159.68	0.166145833
160179.84	0.166145833
160200	0.166145833
160230.24	0.16640625
160260.48	0.16640625
160290	0.166666667
160319.52	0.166666667
160349.76	0.166666667
160380	0.166666667
160410.24	0.166927083
160440.48	0.166927083
160470	0.166927083
160499.52	0.166927083
160529.76	0.166927083
160560	0.1671875
160590.24	0.1671875
160620.48	0.1671875
160650	0.1671875
160679.52	0.1671875
160709.76	0.1671875
160740	0.1671875
160770.24	0.1671875
160800.48	0.1671875
160830	0.1671875
160859.52	0.1671875
160889.76	0.1671875
160920	0.1671875
160950.24	0.1671875
160980.48	0.1671875
161039.52	0.1671875
161100	0.1671875
161160.48	0.1671875
161219.52	0.1671875
161280	0.166927083
161340.48	0.166927083
161399.52	0.166666667
161429.76	0.166666667
161460	0.166666667
161520.48	0.16640625
161550	0.16640625
161579.52	0.16640625
161599.68	0.16640625
161619.84	0.16640625
161640	0.16640625
161660.16	0.166145833
161700.48	0.166145833
161730	0.166145833
161759.52	0.166145833
161789.76	0.166145833
161820	0.165885417
161850.24	0.165885417
161880.48	0.165885417
161939.52	0.165625
161969.76	0.165625
162000	0.165625
162060.48	0.165364583
162119.52	0.165104167
162180	0.16484375
162240.48	0.16484375
162299.52	0.164583333
162360	0.164322917
162420.48	0.1640625
162479.52	0.163802083
162540	0.163541667
162600.48	0.16328125
162659.52	0.16328125
162720	0.163020833
162780.48	0.162760417
162839.52	0.162760417
162900	0.1625
162960.48	0.161979167
163019.52	0.16171875
163080	0.161458333
163140.48	0.161197917
163199.52	0.1609375
163260	0.160677083
163320.48	0.160416667
163350	0.16015625
163379.52	0.159895833
163409.76	0.159895833
163440	0.159635417
163470.24	0.159635417
163500.48	0.159375
163530	0.159375
163559.52	0.159114583
163589.76	0.159114583
163620	0.158854167
163680.48	0.158333333
163710	0.158333333
163739.52	0.158072917
163769.76	0.1578125
163800	0.1578125
163830.24	0.157552083
163860.48	0.157291667
163919.52	0.15703125
163980	0.156770833
164040.48	0.156510417
164099.52	0.15625
164160	0.155989583
164220.48	0.155729167
164279.52	0.15546875
164340	0.155208333
164400.48	0.1546875
164459.52	0.154427083
164520	0.154166667
164580.48	0.15390625
164639.52	0.153385417
164700	0.153125
164760.48	0.152864583
164819.52	0.152604167
164880	0.15234375
164940.48	0.151822917
164999.52	0.1515625
165060	0.151041667
165120.48	0.15078125
165179.52	0.150520833
165240	0.150260417
165300.48	0.15
165359.52	0.149739583
165420	0.149479167
165480.48	0.14921875
165539.52	0.148958333
165600	0.148697917
165660.48	0.1484375
165719.52	0.148177083
165780	0.147916667
165840.48	0.14765625
165899.52	0.147395833
165960	0.147135417
166020.48	0.146875
166079.52	0.146614583
166140	0.146354167
166200.48	0.14609375
166259.52	0.145833333
166320	0.145572917
166380.48	0.145572917
166439.52	0.1453125
166500	0.145052083
166560.48	0.144791667
166619.52	0.144791667
166680	0.14453125
166740.48	0.144270833
166799.52	0.144010417
166860	0.14375
166920.48	0.14375
166979.52	0.143489583
167040	0.143229167
167100.48	0.14296875
167159.52	0.14296875
167220	0.142708333
167280.48	0.142447917
167339.52	0.1421875
167400	0.1421875
167460.48	0.1421875
167519.52	0.141927083
167580	0.141927083
167640.48	0.141666667
167699.52	0.14140625
167760	0.141145833
167820.48	0.141145833
167879.52	0.140885417
167940	0.140625
168000.48	0.140364583
168059.52	0.140364583
168120	0.140104167
168180.48	0.13984375
168239.52	0.13984375
168300	0.139583333
168360.48	0.139322917
168419.52	0.139322917
168480	0.1390625
168540.48	0.1390625
168599.52	0.138802083
168660	0.138802083
168720.48	0.138541667
168779.52	0.138541667
168840	0.138541667
168900.48	0.13828125
168959.52	0.13828125
169020	0.13828125
169080.48	0.138020833
169139.52	0.138020833
169200	0.138020833
169260.48	0.138020833
169319.52	0.138020833
169380	0.138020833
169440.48	0.138020833
169499.52	0.138020833
169560	0.138020833
169620.48	0.138020833
169679.52	0.138020833
169740	0.138020833
169800.48	0.138020833
169859.52	0.138020833
169920	0.138020833
169980.48	0.138020833
170039.52	0.138020833
170100	0.138020833
170160.48	0.138020833
170219.52	0.137760417
170280	0.137760417
170340.48	0.137760417
170399.52	0.137760417
170460	0.137760417
170520.48	0.137760417
170579.52	0.137760417
170640	0.1375
170700.48	0.1375
170759.52	0.137760417
170820	0.1375
170880.48	0.1375
170939.52	0.1375
171000	0.1375
171060.48	0.1375
171119.52	0.1375
171180	0.137239583
171240.48	0.137239583
171299.52	0.137239583
171360	0.137239583
171420.48	0.136979167
171479.52	0.136979167
171540	0.136979167
171600.48	0.136979167
171659.52	0.13671875
171720	0.13671875
171780.48	0.136458333
171839.52	0.136458333
171900	0.136458333
171960.48	0.136197917
172019.52	0.136197917
172080	0.1359375
172140.48	0.1359375
172199.52	0.1359375
172260	0.135677083
172320.48	0.135677083
172379.52	0.135677083
172440	0.135416667
172500.48	0.135416667
172559.52	0.13515625
172620	0.13515625
172680.48	0.134895833
172739.52	0.134635417
172800	0.134635417
172860.48	0.134375
172919.52	0.134114583
172980	0.134114583
173040.48	0.133854167
173099.52	0.133854167
173160	0.13359375
173220.48	0.133333333
173279.52	0.133333333
173340	0.133072917
173400.48	0.133072917
173459.52	0.1328125
173520	0.132552083
173580.48	0.132291667
173639.52	0.132291667
173700	0.13203125
173760.48	0.131770833
173819.52	0.131770833
173880	0.131510417
173940.48	0.13125
173999.52	0.130989583
174060	0.130729167
174120.48	0.130729167
174179.52	0.13046875
174240	0.130208333
174300.48	0.129947917
174359.52	0.129947917
174420	0.1296875
174480.48	0.129427083
174539.52	0.129166667
174600	0.12890625
174660.48	0.128645833
174719.52	0.128645833
174780	0.128385417
174840.48	0.128125
174899.52	0.127864583
174960	0.127604167
175020.48	0.12734375
175079.52	0.127083333
175140	0.126822917
175200.48	0.126822917
175259.52	0.1265625
175320	0.126302083
175380.48	0.126041667
175439.52	0.12578125
175500	0.125520833
175560.48	0.125260417
175619.52	0.125
175680	0.124739583
175740.48	0.124479167
175740.624	0.124479167
175740.768	0.124479167
175741.056	0.124479167
175741.344	0.124479167
175741.776	0.124479167
175742.352	0.124479167
175743.072	0.124479167
175743.936	0.124479167
175745.088	0.124479167
175746.672	0.124479167
175748.544	0.124479167
175751.136	0.124479167
175754.592	0.124479167
175759.056	0.124479167
175764.816	0.124479167
175771.728	0.124479167
175780.944	0.12421875
175799.52	0.12421875
175799.664	0.12421875
175799.808	0.12421875
175800.096	0.12421875
175800.384	0.12421875
175800.816	0.12421875
175801.392	0.12421875
175802.112	0.12421875
175802.976	0.12421875
175804.128	0.12421875
175805.712	0.12421875
175807.584	0.12421875
175810.176	0.12421875
175813.632	0.12421875
175817.952	0.12421875
175824	0.12421875
175831.2	0.12421875
175840.704	0.12421875
175850.352	0.123958333
175860	0.123958333
175860.144	0.123958333
175860.288	0.123958333
175860.576	0.123958333
175860.864	0.123958333
175861.296	0.123958333
175861.872	0.123958333
175862.592	0.123958333
175863.456	0.123958333
175864.608	0.123958333
175866.192	0.123958333
175868.064	0.123958333
175870.656	0.123958333
175874.112	0.123958333
175878.432	0.123958333
175884.48	0.123958333
175891.68	0.123958333
175901.184	0.123958333
175910.832	0.123697917
175920.48	0.123697917
175920.624	0.123697917
175920.768	0.123697917
175921.056	0.123697917
175921.344	0.123697917
175921.776	0.123697917
175922.352	0.123697917
175923.072	0.123697917
175923.936	0.123697917
175925.088	0.123697917
175926.672	0.123697917
175928.544	0.123697917
175931.136	0.123697917
175934.592	0.123697917
175939.056	0.123697917
175944.816	0.123697917
175951.728	0.123697917
175960.944	0.123697917
175979.52	0.123697917
175994.64	0.1234375
176017.248	0.1234375
176040	0.1234375
176070.24	0.1234375
176100.48	0.123177083
176130	0.123177083
176159.52	0.123177083
176189.76	0.123177083
176220	0.123177083
176250.24	0.123177083
176280.48	0.123177083
176310	0.123177083
176339.52	0.123177083
176369.76	0.123177083
176400	0.1234375
176430.24	0.1234375
176460.48	0.1234375
176490	0.123697917
176519.52	0.123697917
176549.76	0.123697917
176580	0.123958333
176610.24	0.123958333
176640.48	0.12421875
176670	0.12421875
176699.52	0.124479167
176729.76	0.124479167
176760	0.124739583
176820.48	0.125
176879.52	0.125520833
176940	0.12578125
177000.48	0.126302083
177059.52	0.126822917
177120	0.12734375
177180.48	0.127864583
177239.52	0.128385417
177300	0.129166667
177360.48	0.1296875
177419.52	0.13046875
177480	0.131510417
177540.48	0.132552083
177599.52	0.13359375
177629.76	0.134114583
177660	0.134895833
177690.24	0.135416667
177720.48	0.136197917
177750	0.13671875
177779.52	0.1375
177809.76	0.13828125
177840	0.1390625
177870.24	0.13984375
177900.48	0.140625
177930	0.14140625
177959.52	0.1421875
177989.76	0.143229167
178020	0.144270833
178040.16	0.144791667
178060.32	0.145572917
178080.48	0.146354167
178092.288	0.146875
178100.208	0.147135417
178105.824	0.147395833
178111.44	0.147395833
178118.496	0.14765625
178125.408	0.147916667
178132.464	0.148177083
178139.52	0.1484375
178148.16	0.148958333
178156.8	0.14921875
178165.44	0.149479167
178174.08	0.15
178182.72	0.150260417
178191.36	0.15078125
178200	0.151041667
178212.096	0.1515625
178224.192	0.152083333
178236.288	0.152604167
178248.384	0.153125
178260.48	0.153385417
178272.288	0.15390625
178284.096	0.154427083
178295.904	0.154947917
178307.712	0.15546875
178319.52	0.155989583
178334.64	0.156770833
178346.016	0.157291667
178357.248	0.158072917
178368.624	0.15859375
178380	0.159114583
178387.488	0.159635417
178395.12	0.159895833
178402.608	0.160416667
178410.24	0.1609375
178417.872	0.161458333
178425.36	0.161979167
178432.992	0.1625
178440.48	0.163020833
178447.824	0.163541667
178455.312	0.1640625
178460.784	0.164322917
178466.256	0.16484375
178471.872	0.165364583
178477.344	0.165885417
178482.96	0.16640625
178488.432	0.166927083
178494.048	0.167447917
178499.52	0.16796875
178506.288	0.168489583
178512.912	0.169270833
178519.68	0.170052083
178526.448	0.170833333
178533.072	0.171354167
178542.144	0.172395833
178551.072	0.1734375
178560	0.173958333
178568.64	0.175
178577.28	0.176041667
178585.92	0.1765625
178594.56	0.177604167
178603.2	0.178645833
178611.84	0.179427083
178620.48	0.18046875
178628.976	0.18125
178637.328	0.18203125
178645.824	0.1828125
178654.176	0.18359375
178662.672	0.184375
178671.024	0.18515625
178679.52	0.186197917
178688.16	0.186979167
178701.12	0.18828125
178714.08	0.189583333
178727.04	0.191145833
178740	0.1921875
178752.096	0.193229167
178764.192	0.194270833
178776.288	0.195052083
178788.384	0.19609375
178800.48	0.197135417
178812.288	0.198177083
178824.096	0.19921875
178835.904	0.2
178847.712	0.201041667
178859.52	0.202083333
178871.616	0.203125
178883.712	0.204166667
178895.808	0.204947917
178907.904	0.205729167
178920	0.206770833
178932.096	0.2078125
178944.192	0.20859375
178962.336	0.209635417
178980.48	0.2109375
178995.312	0.211979167
179010	0.213020833
179024.832	0.2140625
179039.52	0.215104167
179054.64	0.215885417
179069.76	0.216927083
179084.88	0.21796875
179100	0.219010417
179115.12	0.219791667
179130.24	0.220572917
179145.36	0.221614583
179160.48	0.222395833
179175.312	0.223177083
179197.344	0.224739583
179208.432	0.225520833
179219.52	0.226302083
179234.64	0.227083333
179249.76	0.227864583
179264.88	0.228645833
179272.368	0.229166667
179280	0.2296875
179290.08	0.230208333
179300.16	0.230989583
179310.24	0.231510417
179320.32	0.23203125
179330.4	0.232552083
179340.48	0.233072917
179350.272	0.233333333
179360.208	0.233854167
179370	0.234375
179379.792	0.234895833
179389.728	0.235416667
179399.52	0.2359375
179411.616	0.23671875
179423.712	0.237239583
179435.808	0.238020833
179447.904	0.238541667
179460	0.239322917
179475.12	0.240104167
179490.24	0.240625
179505.36	0.24140625
179520.48	0.2421875
179535.312	0.24296875
179557.344	0.24375
179579.52	0.244791667
179609.76	0.246354167
179640	0.24765625
179670.24	0.24921875
179700.48	0.250260417
179730	0.2515625
179759.52	0.252604167
179789.76	0.25390625
179820	0.255208333
179850.24	0.256510417
179865.36	0.25703125
179880.48	0.257552083
179900.208	0.258072917
179919.792	0.258854167
179939.52	0.259635417
179959.68	0.260416667
179979.84	0.260416667
180000	0.263020833
180015.12	0.263020833
180030.24	0.263020833
180045.36	0.263020833
180060.48	0.263020833
180075.312	0.265625
180090	0.265625
180104.832	0.265625
180119.52	0.265625
180134.64	0.265625
180149.76	0.265625
180164.88	0.268229167
180180	0.268229167
180200.16	0.268229167
180220.32	0.268229167
180240.48	0.270833333
180260.208	0.270833333
180299.52	0.270833333
180329.76	0.270833333
180360	0.2734375
180390.24	0.2734375
180420.48	0.2734375
180450	0.276041667
180479.52	0.276041667
180499.68	0.276041667
180519.84	0.276041667
180540	0.276041667
180560.16	0.278645833
180573.552	0.278645833
180587.088	0.278645833
180600.48	0.278645833
180620.208	0.278645833
180639.792	0.278645833
180659.52	0.28125
180671.616	0.28125
180687.744	0.28125
180703.872	0.28125
180720	0.28125
180740.16	0.28125
180760.32	0.28125
180780.48	0.28125
180810	0.283854167
180824.832	0.283854167
180839.52	0.283854167
180859.68	0.283854167
180879.84	0.283854167
180900	0.283854167
180920.16	0.283854167
180940.32	0.286458333
180960.48	0.286458333
180990	0.286458333
181019.52	0.286458333
181039.68	0.286458333
181059.84	0.286458333
181080	0.286458333
181100.16	0.286458333
181140.48	0.2890625
181170	0.2890625
181199.52	0.2890625
181229.76	0.2890625
181260	0.2890625
181290.24	0.2890625
181320.48	0.2890625
181350	0.2890625
181379.52	0.2890625
181409.76	0.291666667
181440	0.291666667
181500.48	0.291666667
181559.52	0.291666667
181620	0.291666667
181650.24	0.291666667
181680.48	0.291666667
181710	0.291666667
181739.52	0.294270833
181769.76	0.294270833
181800	0.294270833
181830.24	0.294270833
181860.48	0.294270833
181890	0.294270833
181919.52	0.294270833
181949.76	0.294270833
181980	0.294270833
182010.24	0.294270833
182040.48	0.294270833
182070	0.294270833
182099.52	0.294270833
182129.76	0.294270833
182160	0.294270833
182190.24	0.294270833
182220.48	0.294270833
182279.52	0.294270833
182340	0.294270833
182400.48	0.294270833
182459.52	0.294270833
182520	0.294270833
182580.48	0.294270833
182639.52	0.294270833
182700	0.294270833
182760.48	0.294270833
182819.52	0.294270833
182880	0.294270833
182940.48	0.294270833
182999.52	0.294270833
183029.76	0.294270833
183060	0.294270833
183090.24	0.294270833
183120.48	0.294270833
183150	0.294270833
183179.52	0.294270833
183209.76	0.294270833
183240	0.294270833
183270.24	0.294270833
183300.48	0.294270833
183330	0.294270833
183359.52	0.294270833
183389.76	0.294270833
183420	0.294270833
183450.24	0.294270833
183480.48	0.294270833
183510	0.294270833
183539.52	0.294270833
183569.76	0.294270833
183600	0.294270833
183620.16	0.294270833
183640.32	0.294270833
183660.48	0.294270833
183690	0.294270833
183719.52	0.294270833
183749.76	0.294270833
183780	0.294270833
183840.48	0.294270833
183899.52	0.294270833
183960	0.294270833
184020.48	0.294270833
184079.52	0.294270833
184140	0.294270833
184170.24	0.294270833
184200.48	0.294270833
184259.52	0.294270833
184320	0.294270833
184380.48	0.294270833
184439.52	0.294270833
184500	0.291666667
184560.48	0.291666667
184619.52	0.291666667
184680	0.291666667
184740.48	0.291666667
184799.52	0.291666667
184860	0.291666667
184920.48	0.291666667
184979.52	0.291666667
185040	0.2890625
185100.48	0.2890625
185159.52	0.2890625
185220	0.2890625
185280.48	0.2890625
185339.52	0.286458333
185400	0.286458333
185460.48	0.286458333
185519.52	0.286458333
185580	0.283854167
185640.48	0.283854167
185699.52	0.283854167
185760	0.283854167
185820.48	0.28125
185879.52	0.28125
185940	0.28125
186000.48	0.28125
186059.52	0.278645833
186120	0.278645833
186180.48	0.278645833
186239.52	0.276041667
186300	0.276041667
186360.48	0.276041667
186419.52	0.276041667
186480	0.2734375
186540.48	0.2734375
186599.52	0.2734375
186660	0.270833333
186720.48	0.270833333
186779.52	0.270833333
186840	0.268229167
186900.48	0.268229167
186959.52	0.268229167
187020	0.265625
187080.48	0.265625
187139.52	0.265625
187200	0.263020833
187260.48	0.263020833
187319.52	0.263020833
187380	0.260416667
187440.48	0.260416667
187499.52	0.259895833
187560	0.258854167
187620.48	0.258072917
187679.52	0.25703125
187679.664	0.25703125
187679.808	0.25703125
187680.096	0.25703125
187680.384	0.25703125
187680.816	0.25703125
187681.392	0.25703125
187682.112	0.25703125
187682.976	0.25703125
187684.128	0.25703125
187685.712	0.25703125
187687.584	0.25703125
187690.176	0.25703125
187693.632	0.25703125
187697.952	0.256770833
187704	0.256770833
187711.2	0.256770833
187720.704	0.256770833
187730.352	0.256770833
187740	0.256510417
187740.144	0.256510417
187740.288	0.256510417
187740.576	0.256510417
187740.864	0.256510417
187741.296	0.256510417
187741.872	0.256510417
187742.592	0.256510417
187743.456	0.256510417
187744.608	0.256510417
187746.192	0.256510417
187748.064	0.256510417
187750.656	0.256510417
187754.112	0.256510417
187758.432	0.256510417
187764.48	0.256510417
187771.68	0.256510417
187781.184	0.256770833
187790.832	0.256770833
187800.48	0.256770833
187815.312	0.256770833
187837.344	0.25703125
187859.52	0.257291667
187889.76	0.2578125
187920	0.258333333
187950.24	0.259114583
187980.48	0.259635417
188010	0.260416667
188039.52	0.260416667
188069.76	0.263020833
188100	0.263020833
188160.48	0.265625
188219.52	0.268229167
188280	0.270833333
188340.48	0.2734375
188399.52	0.276041667
188460	0.278645833
188520.48	0.28125
188579.52	0.283854167
188640	0.286458333
188640.144	0.286458333
188640.288	0.286458333
188640.432	0.286458333
188640.72	0.286458333
188641.008	0.286458333
188641.44	0.286458333
188642.016	0.286458333
188642.736	0.286458333
188643.6	0.286458333
188644.752	0.286458333
188646.336	0.286458333
188648.208	0.286458333
188650.8	0.286458333
188654.256	0.286458333
188658.576	0.286458333
188664.192	0.286458333
188671.536	0.286458333
188681.184	0.283854167
188693.712	0.283854167
188706.096	0.283854167
188718.624	0.283854167
188734.752	0.283854167
188755.776	0.283854167
188783.136	0.283854167
188818.704	0.28125
188864.928	0.28125
188925.12	0.278645833
189003.312	0.276041667
189104.832	0.2734375
189244.224	0.268229167
189411.408	0.265625
189634.176	0.257552083
189857.088	0.250520833
190080	0.244270833
190303.2	0.23828125
190526.544	0.2328125
190749.744	0.227864583
190970.784	0.223697917
191254.896	0.21875
191595.888	0.21328125
192050.64	0.20625
192505.248	0.2
192960	0.194791667
193536	0.188020833
194112	0.18203125
194688	0.1765625
195072.048	0.17265625
195455.952	0.16875
195840	0.165364583
196416	0.16015625
196800.048	0.156770833
197183.952	0.153645833
197568	0.150520833
198144	0.146354167
198720	0.142447917
199440	0.137760417
200160	0.133333333
200880	0.129427083
201600	0.125520833
202560.048	0.120833333
203519.952	0.116666667
204480	0.1125
205440.048	0.10859375
206399.952	0.104947917
207360	0.1015625
208800	0.096875
210240	0.0921875
211680	0.087760417
213120	0.084114583
214560	0.080208333
216000	0.077083333
217440	0.073958333
218880	0.07109375
220320	0.068489583
221760	0.066145833
223200	0.063802083
224640	0.06171875
226080	0.059635417
227520	0.0578125
228960	0.055989583
230400	0.054166667
231840	0.052604167
233280	0.051041667
234720	0.049739583
236160	0.0484375
237600	0.047135417
239040	0.04609375
240480	0.045052083
241920	0.044010417
243360	0.04296875
244800	0.041927083
246240	0.041145833
247680	0.040364583
249120	0.039322917
250560	0.038541667
252000	0.038020833
253440	0.037239583
254880	0.03671875
256320	0.036197917
257760	0.035416667
259200	0.034895833
260640	0.034635417
262080	0.034114583
263520	0.03359375
264960	0.033072917
266400	0.032552083
267840	0.032291667
269280	0.031770833
270720	0.031510417
272160	0.030989583
273600	0.030729167
275040	0.03046875
276480	0.029947917
277920	0.0296875
279360	0.029427083
280800	0.029166667
282240	0.02890625
283680	0.028645833
285120	0.028385417
286560	0.028125
288000	0.027864583
289440	0.027604167
290880	0.02734375
292320	0.027083333
293760	0.026822917
295200	0.0265625
296640	0.0265625
298080	0.026302083
299520	0.026041667
300960	0.0259375
302400	0.025755208
303840	0.025598958
305280	0.025442708
306720	0.025260417
308160	0.025104167
309600	0.024947917
311040	0.024791667
312480	0.024635417
313920	0.024505208
315360	0.024348958
316800	0.024192708
318240	0.0240625
319680	0.02390625
321120	0.023776042
322560	0.023645833
324000	0.023489583
325440	0.023359375
326880	0.023229167
328320	0.023098958
329760	0.022994792
331200	0.022864583
332640	0.022734375
334080	0.022604167
335520	0.0225
336960	0.022369792
338400	0.022265625
339840	0.022135417
341280	0.02203125
342720	0.021927083
344160	0.021796875
345600	0.021692708
347040	0.021588542
348480	0.021484375
349920	0.021380208
351360	0.021276042
352800	0.021171875
354240	0.021067708
355680	0.020963542
357120	0.020885417
358560	0.02078125
360000	0.020677083
361440	0.020598958
362880	0.020494792
364320	0.020416667
365760	0.0203125
367200	0.020208333
368640	0.020130208
370080	0.020052083
371520	0.019947917
372960	0.019869792
374400	0.019791667
375840	0.019713542
377280	0.019609375
378720	0.01953125
380160	0.019453125
381600	0.019375
383040	0.019296875
384480	0.01921875
385920	0.019140625
387360	0.0190625
388800	0.018984375
390240	0.01890625
391680	0.018828125
393120	0.018776042
394560	0.018697917
396000	0.018619792
397440	0.018541667
398880	0.018463542
400320	0.018411458
401760	0.018333333
403200	0.018255208
404640	0.018177083
406080	0.018125
407520	0.018046875
408960	0.017994792
410400	0.017916667
411840	0.017838542
413280	0.017786458
414720	0.017708333
416160	0.01765625
417600	0.017604167
419040	0.017526042
420480	0.017473958
421920	0.017395833
423360	0.01734375
424800	0.017291667
426240	0.017239583
427680	0.017161458
429120	0.017109375
430560	0.017057292
432000	0.017005208
433440	0.016927083
434880	0.016875
436320	0.016822917
437760	0.016770833
439200	0.01671875
440640	0.016666667
442080	0.016614583
443520	0.0165625
444960	0.016484375
446400	0.016432292
447840	0.016380208
449280	0.016328125
450720	0.016276042
452160	0.016223958
453600	0.016171875
455040	0.016119792
456480	0.01609375
457920	0.016041667
459360	0.015989583
460800	0.0159375
462240	0.015885417
463680	0.015833333
465120	0.01578125
466560	0.015729167
468000	0.015677083
469440	0.015651042
470880	0.015598958
472320	0.015546875
473760	0.015494792
475200	0.015442708
476640	0.015390625
478080	0.015364583
479520	0.0153125
480960	0.015260417
482400	0.015208333
483840	0.015182292
485280	0.015130208
486720	0.015078125
488160	0.015052083
489600	0.015
491040	0.014947917
492480	0.014921875
493920	0.014869792
495360	0.014817708
496800	0.014791667
498240	0.014739583
499680	0.0146875
501120	0.014661458
502560	0.014609375
504000	0.014583333
505440	0.01453125
506880	0.014479167
508320	0.014453125
509760	0.014401042
511200	0.014375
512640	0.014322917
514080	0.014296875
515520	0.014244792
516960	0.01421875
518400	0.014166667
519840	0.014140625
521280	0.014088542
522720	0.0140625
524160	0.014010417
525600	0.013984375
527040	0.013932292
528480	0.01390625
529920	0.013854167
531360	0.013828125
532800	0.013802083
534240	0.01375
535680	0.013723958
537120	0.013671875
538560	0.013645833
540000	0.01359375
541440	0.013567708
542880	0.013541667
544320	0.013489583
545760	0.013463542
547200	0.013411458
548640	0.013385417
550080	0.013359375
551520	0.013307292
552960	0.01328125
554400	0.013255208
555840	0.013203125
557280	0.013177083
558720	0.013151042
560160	0.013098958
561600	0.013072917
563040	0.013046875
564480	0.012994792
565920	0.01296875
567360	0.012942708
568800	0.012890625
570240	0.012864583
571680	0.012838542
573120	0.0128125
574560	0.012760417
576000	0.012734375
577440	0.012708333
578880	0.012682292
580320	0.012630208
581760	0.012604167
583200	0.012578125
584640	0.012552083
586080	0.0125
587520	0.012473958
588960	0.012447917
590400	0.012421875
591840	0.012395833
593280	0.01234375
594720	0.012317708
596160	0.012291667
597600	0.012265625
599040	0.012239583
600480	0.0121875
601920	0.012161458
603360	0.012135417
604800	0.012109375
606240	0.012083333
607680	0.012057292
609120	0.01203125
610560	0.011979167
612000	0.011953125
613440	0.011927083
614880	0.011901042
616320	0.011875
617760	0.011848958
619200	0.011822917
620640	0.011796875
622080	0.011744792
623520	0.01171875
624960	0.011692708
626400	0.011666667
627840	0.011640625
629280	0.011614583
630720	0.011588542
632160	0.0115625
633600	0.011536458
635040	0.011510417
636480	0.011484375
637920	0.011432292
639360	0.01140625
640800	0.011380208
642240	0.011354167
643680	0.011328125
645120	0.011302083
646560	0.011276042
648000	0.01125
649440	0.011223958
650880	0.011197917
652320	0.011171875
653760	0.011145833
655200	0.011119792
656640	0.01109375
658080	0.011067708
659520	0.011041667
660960	0.011015625
662400	0.010989583
663840	0.010963542
665280	0.0109375
666720	0.010911458
668160	0.010885417
669600	0.010859375
671040	0.010833333
672480	0.010807292
673920	0.01078125
675360	0.010755208
676800	0.010729167
678240	0.010703125
679680	0.010677083
681120	0.010651042
682560	0.010625
684000	0.010598958
685440	0.010572917
686880	0.010546875
688320	0.010520833
689760	0.010494792
691200	0.010494792
692640	0.01046875
694080	0.010442708
695520	0.010416667
696960	0.010390625
698400	0.010364583
699840	0.010338542
701280	0.0103125
702720	0.010286458
704160	0.010260417
705600	0.010234375
707040	0.010208333
708480	0.010208333
709920	0.010182292
711360	0.01015625
712800	0.010130208
714240	0.010104167
715680	0.010078125
717120	0.010052083
718560	0.010026042
720000	0.01
721440	0.01
722880	0.009973958
724320	0.009947917
725760	0.009921875
727200	0.009895833
728640	0.009869792
730080	0.00984375
731520	0.00984375
732960	0.009817708
734400	0.009791667
735840	0.009765625
737280	0.009739583
738720	0.009713542
740160	0.009713542
741600	0.0096875
743040	0.009661458
744480	0.009635417
745920	0.009609375
747360	0.009583333
748800	0.009583333
750240	0.009557292
751680	0.00953125
753120	0.009505208
754560	0.009479167
756000	0.009479167
757440	0.009453125
758880	0.009427083
760320	0.009401042
761760	0.009375
763200	0.009375
764640	0.009348958
766080	0.009322917
767520	0.009296875
768960	0.009270833
770400	0.009270833
771840	0.009244792
773280	0.00921875
774720	0.009192708
776160	0.009166667
777600	0.009166667
779040	0.009140625
780480	0.009114583
781920	0.009088542
783360	0.009088542
784800	0.0090625
786240	0.009036458
787680	0.009010417
789120	0.009010417
790560	0.008984375
792000	0.008958333
793440	0.008932292
794880	0.008932292
796320	0.00890625
797760	0.008880208
799200	0.008854167
800640	0.008854167
802080	0.008828125
803520	0.008802083
804960	0.008802083
806400	0.008776042
807840	0.00875
809280	0.008723958
810720	0.008723958
812160	0.008697917
813600	0.008671875
815040	0.008671875
816480	0.008645833
817920	0.008619792
819360	0.008619792
820800	0.00859375
822240	0.008567708
823680	0.008541667
825120	0.008541667
826560	0.008515625
828000	0.008489583
829440	0.008489583
830880	0.008463542
832320	0.0084375
833760	0.0084375
835200	0.008411458
836640	0.008385417
838080	0.008385417
839520	0.008359375
840960	0.008333333
842400	0.008333333
843840	0.008307292
845280	0.00828125
846720	0.00828125
848160	0.008255208
849600	0.008229167
851040	0.008229167
852480	0.008203125
853920	0.008203125
855360	0.008177083
856800	0.008151042
858240	0.008151042
859680	0.008125
861120	0.008098958
862560	0.008098958
864000	0.008072917
865440	0.008072917
866880	0.008046875
868320	0.008020833
869760	0.008020833
871200	0.007994792
872640	0.00796875
874080	0.00796875
875520	0.007942708
876960	0.007942708
878400	0.007916667
879840	0.007890625
881280	0.007890625
882720	0.007864583
884160	0.007864583
885600	0.007838542
887040	0.007838542
888480	0.0078125
889920	0.007786458
891360	0.007786458
892800	0.007760417
894240	0.007760417
895680	0.007734375
897120	0.007708333
898560	0.007708333
900000	0.007682292
901440	0.007682292
902880	0.00765625
904320	0.00765625
905760	0.007630208
907200	0.007630208
908640	0.007604167
910080	0.007578125
911520	0.007578125
912960	0.007552083
914400	0.007552083
915840	0.007526042
917280	0.007526042
918720	0.0075
920160	0.0075
921600	0.007473958
923040	0.007473958
924480	0.007447917
925920	0.007421875
927360	0.007421875
928800	0.007395833
930240	0.007395833
931680	0.007369792
933120	0.007369792
934560	0.00734375
936000	0.00734375
937440	0.007317708
938880	0.007317708
940320	0.007291667
941760	0.007291667
943200	0.007265625
944640	0.007265625
946080	0.007239583
947520	0.007239583
948960	0.007213542
950400	0.007213542
951840	0.0071875
953280	0.0071875
954720	0.007161458
956160	0.007161458
957600	0.007135417
959040	0.007135417
960480	0.007109375
961920	0.007109375
963360	0.007083333
964800	0.007083333
966240	0.007057292
967680	0.007057292
969120	0.00703125
970560	0.00703125
972000	0.007005208
973440	0.007005208
974880	0.006979167
976320	0.006979167
977760	0.006953125
979200	0.006953125
980640	0.006953125
982080	0.006927083
983520	0.006927083
984960	0.006901042
986400	0.006901042
987840	0.006875
989280	0.006875
990720	0.006848958
992160	0.006848958
993600	0.006822917
995040	0.006822917
996480	0.006822917
997920	0.006796875
999360	0.006796875
1000800	0.006770833
1002240	0.006770833
1003680	0.006744792
1005120	0.006744792
1006560	0.00671875
1008000	0.00671875
1009440	0.00671875
1010880	0.006692708
1012320	0.006692708
1013760	0.006666667
1015200	0.006666667
1016640	0.006640625
1018080	0.006640625
1019520	0.006640625
1020960	0.006614583
1022400	0.006614583
1023840	0.006588542
1025280	0.006588542
1026720	0.0065625
1028160	0.0065625
1029600	0.0065625
1031040	0.006536458
1032480	0.006536458
1033920	0.006510417
1035360	0.006510417
1036800	0.006510417
1038240	0.006484375
1039680	0.006484375
1041120	0.006458333
1042560	0.006458333
1044000	0.006458333
1045440	0.006432292
1046880	0.006432292
1048320	0.00640625
1049760	0.00640625
1051200	0.00640625
1052640	0.006380208
1054080	0.006380208
1055520	0.006354167
1056960	0.006354167
1058400	0.006354167
1059840	0.006328125
1061280	0.006328125
1062720	0.006328125
1064160	0.006302083
1065600	0.006302083
1067040	0.006276042
1068480	0.006276042
1069920	0.006276042
1071360	0.00625
1072800	0.00625
1074240	0.006223958
1075680	0.006223958
1077120	0.006223958
1078560	0.006197917
1080000	0.006197917
1081440	0.006197917
1082880	0.006171875
1084320	0.006171875
1085760	0.006171875
1087200	0.006145833
1088640	0.006145833
1090080	0.006119792
1091520	0.006119792
1092960	0.006119792
1094400	0.00609375
1095840	0.00609375
1097280	0.00609375
1098720	0.006067708
1100160	0.006067708
1101600	0.006067708
1103040	0.006041667
1104480	0.006041667
1105920	0.006015625
1107360	0.006015625
1108800	0.006015625
1110240	0.005989583
1111680	0.005989583
1113120	0.005989583
1114560	0.005963542
1116000	0.005963542
1117440	0.005963542
1118880	0.0059375
1120320	0.0059375
1121760	0.0059375
1123200	0.005911458
1124640	0.005911458
1126080	0.005911458
1127520	0.005885417
1128960	0.005885417
1130400	0.005885417
1131840	0.005859375
1133280	0.005859375
1134720	0.005859375
1136160	0.005833333
1137600	0.005833333
1139040	0.005833333
1140480	0.005807292
1141920	0.005807292
1143360	0.005807292
1144800	0.00578125
1146240	0.00578125
1147680	0.00578125
1149120	0.005755208
1150560	0.005755208
1152000	0.005755208
